9.857	87.466
10	87.615
10.145	87.613
10.293	87.651
10.443	87.717
10.595	87.797
10.749	87.879
10.905	87.962
11.064	88.047
11.225	88.134
11.388	88.222
11.554	88.31
11.722	88.401
11.892	88.494
12.065	88.588
12.241	88.682
12.419	88.775
12.599	88.862
12.782	88.944
12.968	89.018
13.157	89.084
13.348	89.143
13.543	89.194
13.74	89.24
13.939	89.281
14.142	89.318
14.348	89.355
14.557	89.392
14.768	89.434
14.983	89.482
15.201	89.538
15.422	89.606
15.646	89.682
15.874	89.764
16.105	89.85
16.339	89.935
16.577	90.014
16.818	90.086
17.063	90.15
17.311	90.203
17.563	90.247
17.818	90.284
18.077	90.319
18.34	90.356
18.607	90.396
18.877	90.443
19.152	90.498
19.431	90.56
19.713	90.624
20	90.688
20.291	90.75
20.586	90.813
20.885	90.876
21.189	90.946
21.497	91.021
21.81	91.102
22.127	91.186
22.449	91.271
22.776	91.353
23.107	91.429
23.443	91.5
23.784	91.568
24.13	91.628
24.481	91.689
24.837	91.751
25.198	91.812
25.565	91.872
25.937	91.928
26.314	91.982
26.697	92.037
27.085	92.09
27.479	92.146
27.879	92.201
28.284	92.255
28.696	92.306
29.113	92.353
29.537	92.399
29.966	92.444
30.402	92.491
30.844	92.541
31.293	92.581
31.748	92.619
32.21	92.661
32.678	92.703
33.154	92.743
33.636	92.781
34.125	92.822
34.621	92.866
35.125	92.92
35.636	92.977
36.154	93.031
36.68	93.08
37.214	93.122
37.755	93.152
38.304	93.18
38.861	93.207
39.427	93.229
40	93.249
40.582	93.268
41.172	93.286
41.771	93.302
42.379	93.323
42.995	93.346
43.62	93.376
44.255	93.415
44.898	93.463
45.552	93.511
46.214	93.559
46.886	93.608
47.568	93.656
48.26	93.698
48.962	93.737
49.674	93.776
50.397	93.81
51.13	93.846
51.874	93.881
52.628	93.914
53.394	93.949
54.17	93.989
54.958	94.036
55.758	94.084
56.569	94.133
57.391	94.175
58.226	94.214
59.073	94.25
59.932	94.282
60.804	94.315
61.688	94.349
62.586	94.381
63.496	94.402
64.42	94.416
65.357	94.431
66.307	94.449
67.272	94.459
68.25	94.467
69.243	94.477
70.25	94.497
71.272	94.516
72.309	94.539
73.36	94.563
74.427	94.588
75.51	94.612
76.608	94.635
77.723	94.657
78.853	94.685
80	94.717
81.164	94.749
82.344	94.784
83.542	94.815
84.757	94.848
85.99	94.889
87.241	94.94
88.51	95.01
89.797	95.081
91.103	95.155
92.428	95.225
93.773	95.296
95.137	95.365
96.52	95.431
97.924	95.5
99.349	95.554
100.794	95.596
102.26	95.635
103.747	95.673
105.256	95.713
106.787	95.751
108.34	95.791
109.916	95.827
111.515	95.86
113.137	95.889
114.783	95.915
116.452	95.942
118.146	95.979
119.865	96.017
121.608	96.065
123.377	96.113
125.171	96.156
126.992	96.199
128.839	96.239
130.713	96.27
132.615	96.293
134.543	96.309
136.5	96.321
138.486	96.321
140.5	96.305
142.544	96.283
144.617	96.267
146.721	96.263
148.855	96.257
151.02	96.246
153.217	96.235
155.445	96.219
157.706	96.201
160	96.176
162.327	96.148
164.688	96.116
167.084	96.078
169.514	96.033
171.98	95.981
174.481	95.929
177.019	95.875
179.594	95.812
182.206	95.74
184.856	95.662
187.545	95.589
190.273	95.513
193.041	95.431
195.849	95.346
198.697	95.251
201.587	95.152
204.52	95.046
207.494	94.927
210.512	94.807
213.574	94.684
216.681	94.549
219.833	94.409
223.03	94.268
226.274	94.119
229.565	93.969
232.905	93.819
236.292	93.669
239.729	93.514
243.216	93.365
246.754	93.226
250.343	93.094
253.984	92.968
257.678	92.847
261.426	92.727
265.229	92.604
269.087	92.471
273.001	92.329
276.972	92.184
281	92.039
285.088	91.896
289.234	91.747
293.441	91.592
297.709	91.436
302.04	91.278
306.433	91.117
310.89	90.958
315.412	90.813
320	90.673
324.655	90.534
329.377	90.393
334.168	90.248
339.028	90.103
343.959	89.963
348.962	89.824
354.038	89.684
359.188	89.534
364.412	89.369
369.713	89.196
375.09	89.021
380.546	88.855
386.081	88.713
391.697	88.591
397.394	88.489
403.175	88.411
409.039	88.372
414.989	88.383
421.025	88.448
427.149	88.569
433.362	88.738
439.665	88.933
446.06	89.127
452.548	89.278
459.131	89.414
465.809	89.543
472.584	89.676
479.458	89.815
486.432	89.962
493.507	90.11
500.686	90.259
507.968	90.408
515.357	90.553
522.853	90.692
530.458	90.825
538.174	90.959
546.002	91.088
553.943	91.215
562.001	91.34
570.175	91.457
578.469	91.57
586.883	91.688
595.419	91.802
604.08	91.914
612.866	92.036
621.78	92.191
630.824	92.33
640	92.397
649.309	92.411
658.753	92.404
668.335	92.423
678.056	92.502
687.919	92.663
697.925	92.908
708.077	93.222
718.376	93.571
728.825	93.903
739.426	94.19
750.181	94.434
761.093	94.636
772.163	94.798
783.394	94.914
794.789	94.969
806.349	94.965
818.078	94.932
829.977	94.909
842.05	94.922
854.298	94.995
866.724	95.13
879.33	95.308
892.12	95.495
905.097	95.656
918.262	95.77
931.618	95.837
945.169	95.855
958.917	95.829
972.864	95.757
987.015	95.653
1001.37	95.535
1015.94	95.406
1030.71	95.267
1045.71	95.126
1060.92	94.976
1076.35	94.808
1092.00	94.626
1107.89	94.427
1124.00	94.209
1140.35	93.971
1156.94	93.701
1173.77	93.399
1190.84	93.036
1208.16	92.662
1225.73	92.318
1243.56	92.002
1261.65	91.728
1280	91.525
1298.62	91.418
1317.51	91.424
1336.67	91.561
1356.11	91.821
1375.84	92.154
1395.85	92.493
1416.15	92.814
1436.75	93.08
1457.65	93.288
1478.85	93.455
1500.36	93.59
1522.19	93.696
1544.33	93.781
1566.79	93.843
1589.58	93.891
1612.70	93.933
1636.16	93.944
1659.96	93.931
1684.10	93.902
1708.60	93.875
1733.45	93.841
1758.66	93.781
1784.24	93.695
1810.19	93.606
1836.52	93.546
1863.24	93.542
1890.34	93.589
1917.83	93.669
1945.73	93.755
1974.03	93.817
2002.74	93.878
2031.87	93.919
2061.43	93.93
2091.41	93.903
2121.83	93.841
2152.70	93.75
2184.01	93.72
2215.77	93.695
2248.00	93.587
2280.70	93.425
2313.87	93.257
2347.53	93.112
2381.68	93.01
2416.32	92.953
2451.46	92.941
2487.12	92.963
2523.30	93.016
2560	93.025
2597.24	92.992
2635.01	92.92
2673.34	92.844
2712.23	92.8
2751.68	92.81
2791.70	92.892
2832.31	93.054
2873.50	93.283
2915.30	93.563
2957.70	93.879
3000.72	94.191
3044.37	94.398
3088.65	94.43
3133.58	94.296
3179.16	94.032
3225.40	93.71
3272.31	93.412
3319.91	93.231
3368.20	93.19
3417.19	93.255
3466.89	93.348
3517.32	93.398
3568.48	93.376
3620.39	93.274
3673.05	93.108
3726.47	92.923
3780.68	92.789
3835.67	92.761
3891.46	92.865
3948.06	93.108
4005.49	93.463
4063.75	93.883
4122.86	94.283
4182.82	94.551
4243.66	94.644
4305.39	94.599
4368.01	94.481
4431.55	94.346
4496.01	94.226
4561.40	94.117
4627.75	93.977
4695.06	93.754
4763.35	93.424
4832.64	92.984
4902.93	92.503
4974.24	92.026
5046.60	91.574
5120	91.143
5194.47	90.724
5270.03	90.313
5346.68	89.9
5424.45	89.484
5503.35	89.076
5583.40	88.748
5664.61	88.584
5747.01	88.621
5830.60	88.837
5915.41	89.187
6001.45	89.639
6088.74	90.153
6177.30	90.67
6267.15	91.1
6358.31	91.431
6450.80	91.7
6544.63	91.965
6639.82	92.286
6736.40	92.687
6834.38	93.18
6933.79	93.734
7034.64	94.29
7136.96	94.819
7240.77	95.297
7346.09	95.711
7452.94	96.071
7561.35	96.391
7671.33	96.668
7782.91	96.93
7896.12	97.19
8010.97	97.382
8127.49	97.573
8245.71	97.838
8365.65	98.211
8487.33	98.631
8610.78	99.11
8736.03	99.588
8863.09	100.091
8992.01	100.568
9122.80	100.846
9255.50	100.913
9390.12	100.876
9526.70	100.774
9665.27	100.646
9805.86	100.473
9948.49	100.213
10093.19	99.782
10240	99.139
10388.94	98.341
10540.06	97.281
10693.36	96.024
10848.90	94.689
11006.70	93.264
11166.80	91.774
11329.22	90.308
11494.01	89.124
11661.20	88.272
11830.81	87.709
12002.90	87.356
12177.48	87.106
12354.61	87.015
12534.31	87.136
12716.62	87.232
12901.59	87.31
13089.25	87.245
13279.64	87.1
13472.79	87.062
13668.76	87.139
13867.58	87.2
14069.29	87.337
14273.93	87.54
14481.55	87.643
14692.19	87.717
14905.89	87.688
15122.70	87.505
15342.66	87.263
15565.83	86.846
15792.24	85.94
16021.94	84.834
16254.99	83.818
16491.42	83.036
16731.29	82.44
16974.66	81.866
17221.56	81.474
17472.05	81.214
17726.19	81.194
17984.02	80.97
18245.61	80.91
18510.99	81.348
18780.24	82.623
19053.41	84.4
19330.55	86.743
19611.72	89.728
19896.97	92.395
20186.38	90.613
20480	87.647
20777.89	83.047
21080.11	76.869
21386.73	69.755
21697.80	62.516
	
	
	
	
	
	
	
	
	
	
	
	
	
	
	
	
	
	
	
	
	
	
	
	
	
	
	
	
	
	
	
	
	
	
	
	
	
	
	
	
	
	
	
	
	
	
	
	
	
	
	
	
	
	
	
	
	
	
	
	
	
	
	
	
	
	
	
	
	
	
	
	
	
	
	
	
	
	
	
	
	
	
	
	
	
	
	
	
	
	
	
	
	
	
	
	
	
	
	
	
	
	
	
	
	
	
	
	
	
	
	
	
	
	
	
	
	
	
	
	
	
	
	
	
	
	
	
	
	
	
	
	
	
	
	
	
	
	
	
	
	
	
	
	
	
	
	
	
	
	
	
	
	
	
	
	
	
	
	
	
	
	
	
	
	
	
	
	
	
	
	
	
	
	
	
	
	
	
	
	
	
	
	
	
	
	
	
	
	
	
	
	
	
	
	
	
	
	
	
	
	
	
	
	
	
	
	
	
	
	
	
	
	
	
	
	
	
	
	
	
	
	
	
	
	
	
	
	
	
	
	
	
	
	
	
	
	
	
	
	
	
	
	
	
	
	
	
	
	
	
	
	
	
	
	
	
	
	
	
	
	
	
	
	
	
	
	
	
	
	
	
	
	
	
	
	
	
	
	
	
	
	
	
	
	
	
	
	
	
	
	
	
	
	
	
	
	
	
	
	
	
	
	
	
	
	
	
	
	
	
	
	
	
	
	
	
	
	
	
	
	
	
	
	
	
	
	
	
	
	
	
	
	
	
	
	
	
	
	
	
	
	
	
	
	
	
	
	
	
	
	
	
	
	
	
	
	
	
	
	
	
	
	
	
	
	
	
	
	
	
	
	
	
	
	
	
	
	
	
	
	
	
	
	
	
	
	
	
	
	
	
	
	
	
	
	
	
	
	
	
	
	
	
	
	
	
	
	
	
	
	
	
	
	
	
	
	
	
	
	
	
	
	
	
	
	
	
	
	
	
	
	
	
	
	
	
	
	
	
	
	
	
	
	
	
	
	
	
	
	
	
	
	
	
	
	
	
	
	
	
	
	
	
	
	
	