20	97.470685
20.290906698750476	97.38628753709628
20.586044732869844	97.31496590158243
20.885475648548283	97.28779208266198
21.189261887185914	97.32897110431011
21.49746679841394	97.42608545307338
21.810154653305165	97.54893099188762
22.12739065777668	97.6294367550766
22.449240966187475	97.6616869255792
22.77577269513385	97.61391795811402
23.107053937445478	97.52778377435804
23.44315377638505	97.44727740790717
23.784142300054445	97.4225735202898
24.130090616010463	97.44612627563617
24.481070866093134	97.49638609136966
24.837156241469714	97.52667334017455
25.1984209978975	97.50322627277625
25.56494047120865	97.4468846191179
25.936791093020236	97.39334907827673
26.3140504066728	97.38023284905884
26.69679708340074	97.41918774111022
27.08511093873791	97.46042734140934
27.47907294916184	97.44264050889677
27.878765268980047	97.341960601435
28.284271247461966	97.17937835423832
28.695675446220072	97.03309863224933
29.11306365684382	96.96185014850795
29.536522918790062	97.0037685883778
29.966141537533712	97.12873551347839
30.402009102982383	97.2304835807286
30.844216508158908	97.23860921565374
31.29285596815558	97.16974958697553
31.74802103936409	97.06939261534771
32.20980663898519	96.97964065913473
32.67830906482211	96.90361242564123
33.153626015361866	96.82243201686768
33.63585661014871	96.73171193966
34.125101410453844	96.67825499525378
34.62146244024586	96.69966972822594
35.12504320746613	96.7648086341571
35.635948725613716	96.80333073707348
36.15428553564419	96.78718800733442
36.68016172818701	96.75311364353672
37.21368696608603	96.74200812960807
37.754972507267915	96.74097834957635
38.30413122794313	96.7229471150049
38.86127764614443	96.65552310393349
39.4265279456077	96.56894338314052
40.000000000000206	96.49272899999998
40.58181339750116	96.43440000838223
41.1720894657399	96.36950185409947
41.77095129709678	96.27840330428732
42.37852377437204	96.199775718437
42.9949335968281	96.17821272087761
43.62030930661056	96.18453100447105
44.25478131555359	96.14306030018753
44.89848193237519	96.06631880087369
45.55154539026795	96.017937727266
46.21410787489121	95.9859261478152
46.88630755277036	95.89268703876186
47.56828460010916	95.7881624418049
48.260181232021196	95.7358123851147
48.962141732186545	95.67617321060943
49.674312482939705	95.59008770683441
50.39684199579528	95.52473502554605
51.129880942417586	95.47817755592692
51.873582186040764	95.41568701916091
52.628100813345895	95.34926297119956
53.393594166801776	95.31788307426609
54.17022187747612	95.3029117726591
54.95814589832399	95.24725099549788
55.75753053796041	95.15941945613686
56.56854249492426	95.0963110290714
57.39135089244048	95.03236920816347
58.226127313687975	94.92183219244279
59.073045837580466	94.74135227380597
59.932283075067765	94.75120669868937
60.804018205965114	94.92989995491415
61.68843301631817	94.78467424530575
62.58571193631152	94.62132681034711
63.49604207872855	94.63591742129236
64.41961327797075	94.59401072992003
65.35661812964459	94.77651689269844
66.3072520307241	95.15951628528963
67.27171322029778	94.83040371083555
68.25020282090806	94.38122807737281
69.2429248804921	94.39657288218211
70.25008641493265	94.16629010171016
71.27189745122783	94.07686087343023
72.30857107128878	93.99500647436697
73.36032345637442	93.91232003184422
74.42737393217246	93.90360952957022
75.50994501453623	93.86960523798558
76.60826245588666	93.82784642083007
77.72255529228926	93.76781525153864
78.85305589121582	93.64050686792737
80.00000000000082	93.71923499999986
81.16362679500274	93.52511071601994
82.34417893148023	93.4607698975415
83.541902594194	93.40137345225908
84.75704754874454	93.38847300007205
85.98986719365665	93.35608012668598
87.24061861322157	93.31508442461197
88.50956263110764	93.24128711429607
89.79696386475084	93.12392253766318
91.10309078053635	93.05210054671055
92.42821574978288	93.02319246332459
93.77261510554118	92.93998608111825
95.13656920021877	92.94424055687409
96.52036246404286	92.88138534620343
97.92428346437356	92.85468060908171
99.34862496587989	92.78177623323514
100.79368399159105	92.7436129604874
102.25976188483567	92.69966242845634
103.74716437208203	92.65448957862543
105.25620162669229	92.62467825359519
106.78718833360406	92.59472554397153
108.34044375495276	92.50889137504092
109.9162917966485	92.44022789510886
111.51506107592134	92.3930996090308
113.13708498984903	92.36822330755808
114.78270178488147	92.39812529674758
116.45225462737648	92.4227933320572
118.14609167516147	92.3357687938705
119.86456615013608	92.607529400019
121.60803641193078	92.34061887245836
123.3768660326369	92.11906047071118
125.17142387262359	92.03885199679536
126.99208415745765	92.13595889857649
128.83922655594208	92.11886735491314
130.71323625928977	92.04387334395295
132.61450406144883	91.91268578883898
134.5434264405962	92.02219801832986
136.50040564181674	92.02216194080638
138.48584976098482	92.01501932685275
140.50017282986593	91.99865506057398
142.5437949024563	91.97984048589802
144.61714214257822	91.93277845518334
146.7206469127495	91.9437473281241
148.8547478643456	91.93592244494579
151.01989002907314	91.91989009996198
153.216524911774	91.91386504050357
155.4451105845792	91.89561202474074
157.70611178243232	91.8864017680772
160.00000000000236	91.86871899999996
162.3272535900062	91.8302983203686
164.6883578629612	91.8447154013186
167.08380518838874	91.8104741608348
169.51409509748981	91.7535289935821
171.97973438731407	91.71930154926137
174.4812372264439	91.70475253540334
177.01912526221608	91.6588534958586
179.5939277295025	91.49673963596106
182.20618156107355	91.58644660342067
184.85643149956664	91.62540144608377
187.54523021108326	91.66569213341981
190.27313840043846	91.63354908339731
193.04072492808663	91.60031852042371
195.84856692874806	91.57803075760424
198.69724993176072	91.55641320016971
201.58736798318304	91.52721360294169
204.5195237696723	91.48989831815445
207.49432874416505	91.47174156208845
210.5124032533856	91.44925283264097
213.57437666720915	91.4187245521982
216.68088750990657	91.3888456788313
219.83258359329807	91.36648195807732
223.03012215184378	91.36299293889351
226.2741699796992	91.33683913022739
229.5654035697641	91.3213519239005
232.90450925475412	91.30306111417177
236.2921833503241	91.31417466473589
239.72913230027333	91.68684543966296
243.21607282386276	91.35171214272246
246.75373206527502	91.26690483243519
250.34284774524843	91.25513562507572
253.9841683149166	91.23975903253702
257.67845311188546	91.23639109388522
261.42647251858085	91.23425929075317
265.22900812289896	91.20267552042696
269.08685288119375	91.21551358835949
273.0008112836349	91.19916710441689
276.97169952197106	91.17656252528411
281.00034565973334	91.17359010086847
285.0875898049141	91.16789219442468
289.23428428515797	91.15886543377927
293.44129382550057	91.14833108324964
297.7094957286928	91.18851944378092
302.0397800581479	91.18547500385954
306.4330498235497	91.13600761746595
310.89022116916016	91.1505047769921
315.41222356486645	91.14735365724584
320.00000000000654	91.12796
324.6545071800142	91.12360998583176
329.3767157259242	91.1165705388206
334.16761037677935	91.10505060304504
339.02819019498156	91.0975653437023
343.95946877463007	91.0749902934005
348.9624744528898	91.06836452589009
354.03825052443415	91.06390214869586
359.187855459007	91.07193299799017
364.4123631221491	91.03378484145905
369.71286299913527	91.02480556440064
375.0904604221685	91.01153861883942
380.54627680087896	90.99654016954739
386.08144985617537	90.98703768019402
391.6971338574982	90.97758273224925
397.3944998635236	90.96692720012867
403.1747359663683	90.94421956553013
409.0390475393468	90.91344833415823
414.9886574883323	90.89752932816549
421.0248065067734	90.87719008326587
427.1487533344206	90.85898338532684
433.3617750198154	90.86883414583609
439.6651671865984	90.85759080746308
446.06024430368984	90.83189938902991
452.54833995940066	90.81805466802007
459.13080713953053	90.81676811530565
465.8090185095106	90.80638578088973
472.58436670065066	90.76939825215274
479.45826460054917	90.76336931908696
486.432145647728	90.74258612611362
493.50746413055253	90.76407021878063
500.6856954904994	90.72906644028596
507.9683366298358	90.72403278963085
515.3569062237735	90.71950426791726
522.8529450371643	90.69917505495991
530.4580162458005	90.69102723576113
538.1737057623901	90.68328395828041
546.0016225672724	90.66692200004195
553.9433990439449	90.6642096009518
562.0006913194694	90.65517123944286
570.1751796098309	90.64333415887043
578.4685685703187	90.62160972002555
586.8825876510039	90.6002573424793
595.4189914573883	90.524018001328
604.0795601162986	90.52242662158423
612.8660996471021	90.56530258647783
621.780442338323	90.54618219188049
630.8244471297356	90.53793555755003
640.0000000000159	90.53440199999997
649.3090143600314	90.5187144923511
658.7534314518515	90.61023483356773
668.3352207535618	90.5158400058716
678.0563803899662	90.47532389507592
687.9189375492632	90.4519528506681
697.9249489057827	90.45360087752178
708.0765010488715	90.46045960241254
718.3757109180171	90.35756774881195
728.8247262443015	90.40067295354837
739.425725998274	90.4096165971999
750.1809208443404	90.40097776770394
761.0925536017613	90.3853267955712
772.1628997123541	90.37602703867748
783.3942677149998	90.36953196199437
794.7889997270506	90.37104824984274
806.34947193274	90.37612141597806
818.0780950786972	90.37853419345896
829.9773149766683	90.39001418609897
842.0496130135506	90.40734903249486
854.2975066688449	90.40342501873694
866.7235500396347	90.4034537000174
879.3303343732008	90.4188118381769
892.1204886073838	90.37820946775796
905.0966799188055	90.3894537287899
918.2616142790653	90.5123247091985
931.6180370190256	90.5483417064301
945.1687334013056	90.59419937234114
958.9165292011028	90.67600466014865
972.8642912954606	90.7356131679535
987.0149282611097	90.79604209160084
1001.3713909810035	90.86663832835885
1015.9366732596762	90.95355171333681
1030.7138124475518	91.08515304973575
1045.7058900743334	91.19412137627998
1060.916032491606	91.32715592060121
1076.3474115247852	91.44719377793874
1092.0032451345498	91.57548842896082
1107.8867980878947	91.71227770366458
1124.0013826389438	91.86145529458005
1140.350359219667	92.01494411320256
1156.9371371406426	92.1563354420396
1173.765175302013	92.294169053158
1190.837982914782	92.46018553220725
1208.1591202326028	92.6213411564521
1225.73219929421	92.77818606538992
1243.5608846766518	92.92329545178193
1261.648894259477	93.06705964855287
1280.0000000000375	93.23345800000028
1298.6180287200684	93.3704282402263
1317.5068629037087	93.39149577702004
1336.6704415071292	93.6106311868969
1356.112760779938	93.79303702382633
1375.8378750985323	93.94295252577983
1395.8498978115715	94.0228794535414
1416.153002097749	94.12964034057161
1436.7514218360407	94.24784426509586
1457.6494524886093	94.36277837998443
1478.8514519965543	94.44635103279082
1500.3618416886875	94.50217478739955
1522.1851072035295	94.61717164191249
1544.3257994247153	94.71219639876236
1566.788535430007	94.79466094395717
1589.5779994541087	94.87825047861467
1612.6989438654878	94.96860766251432
1636.156190157402	95.06117205622772
1659.9546299533442	95.14652455625873
1684.099226027109	95.23091927563256
1708.5950133376978	95.33298224768866
1733.4471000792773	95.42989199626727
1758.6606687464096	95.5207857003326
1784.2409772147755	95.654361727926
1810.193359837619	95.77019745278517
1836.5232285581387	95.81975963064536
1863.2360740380593	95.92390666508688
1890.3374668026197	96.02345837910356
1917.833058402214	96.13019268803004
1945.7285825909298	96.25344847667265
1974.0298565222283	96.35797367776448
2002.7427819620161	96.46637597998453
2031.8733465193618	96.58062116568503
2061.4276248951132	96.6993701870087
2091.411780148677	96.83991572267766
2121.832064983222	96.97600322744701
2152.694823049581	97.09199396810877
2184.0064902691106	97.239925749289
2215.7735961758003	97.39208570004207
2248.002765277899	97.54832669114988
2280.7007184393456	97.70501802290191
2313.874274281297	97.85910217765203
2347.530350604038	98.01357627366536
2381.6759658295764	98.22270773531825
2416.318240465218	98.38378089682762
2451.4643985884327	98.5037220225919
2487.1217693533167	98.65415555405845
2523.2977885189675	98.79649672205866
2560.0000000000887	98.95348900000042
2597.236057440151	99.09356522928853
2635.0137258074315	99.20966293623232
2673.340883014273	99.33003096581736
2712.225521559891	99.4456193852235
2751.6757501970797	99.49307966890133
2791.699795623158	99.59909816241564
2832.3060041955137	99.67297620910448
2873.502843672097	99.72350060695955
2915.2989049772345	99.74904932110051
2957.7029039931244	99.74762462624058
3000.723683377391	99.74261165889587
3044.370214407075	99.65590404726387
3088.6515988494466	99.57318589176857
3133.57707086003	99.46789801740292
3179.1559989082334	99.33564976281667
3225.3978877309914	99.17743592837013
3272.3123803148205	99.00097711602093
3319.9092599067053	98.80081747885203
3368.198452054235	98.57085209886915
3417.190026675413	98.33841268605163
3466.8942001585724	98.09635319957276
3517.3213374928373	97.95702338418502
3568.4819544295697	97.89509319932014
3620.386719675257	97.84125843352271
3673.0464571162966	97.833049242783
3726.472148076138	97.7892098775088
3780.6749336052594	97.67951211810227
3835.6661168044484	97.48622747426525
3891.45716518188	97.28560591806333
3948.059713044477	97.11080455458765
4005.4855639240527	96.95854660392168
4063.746693038744	96.81848259021636
4122.855249790247	96.69192370037591
4182.823560297375	96.58527115783916
4243.664129966465	96.49390745133607
4305.389646099183	96.4211288332384
4368.012980538242	96.33240815564206
4431.5471923516225	96.22667336981485
4496.00553055582	96.16407593766823
4561.401436878714	96.1385449456122
4627.748548562617	96.05769045395195
4695.060701208099	96.00770594248877
4763.351931659176	95.97333397094896
4832.63648093046	95.90654197831451
4902.928797176889	95.84872465833304
4974.243538706657	95.80320042551847
5046.595577037959	95.7476149879036
5120.000000000202	95.67428328571407
5194.472114880326	95.60154736296508
5270.027451614888	95.51071486222199
5346.6817660285715	95.41206588848999
5424.451043119808	95.30081367371561
5503.351500394186	95.23958635698101
5583.399591246343	95.1064137050341
5664.612008391055	95.01726879486067
5747.005687344222	94.94060396190139
5830.597809954497	94.90639729177563
5915.405807986278	94.98697450732574
6001.447366754812	95.2049567288033
6088.740428814181	95.60552798875136
6177.303197698925	95.95906970946722
6267.154141720092	96.38340268345162
6358.3119978165005	96.86564302765653
6450.795775462017	97.27284924238023
6544.624760629676	97.37678632561826
6639.818519813445	97.09435358651812
6736.396904108505	96.49574572963684
6834.380053350861	95.46738190973336
6933.788400317181	94.50455329717079
7034.642674985712	93.66591773935231
7136.963908859177	92.95992488197689
7240.773439350552	92.44883204770775
7346.092914232631	92.55199823762618
7452.944296152315	92.79819911661085
7561.349867210557	93.17879347769485
7671.332233608935	93.61757697778393
7782.914330363799	94.1248552445436
7896.119426088994	94.79076774015887
8010.971127848146	95.57947043378725
8127.49338607753	96.38924178311346
8245.710499580537	96.93758731728511
8365.647120594791	96.49667470409153
8487.328259932974	97.62546127225937
8610.77929219841	96.68723222260216
8736.025961076528	95.32923099469426
8863.094384703289	93.85323995384978
8992.011061111683	92.35436872947484
9122.802873757471	90.94705587717527
9255.497097125279	89.79412665473527
9390.121402416245	88.71273003167681
9526.7038633184	87.71503270839753
9665.272961860968	86.87859732831194
9805.857594353829	86.11220374484991
9948.487077413367	85.44870666454209
10093.19115407597	84.86452359654575
10240.000000000457	84.38228399999868
10388.944229760706	83.90126172325243
10540.05490322983	83.4997351245877
10693.363532057198	83.21696961934964
10848.902086239672	83.03121930272673
11006.703000788428	83.0995241946222
11166.799182492743	83.28893157290186
11329.224016782166	83.40917214368234
11494.0113746885	83.39297926054645
11661.195619909053	83.35604675392852
11830.811615972614	83.11881529013823
12002.894733509682	82.83024513919146
12177.48085762842	82.50539632762458
12354.606395397908	82.17951138363144
12534.308283440243	81.70338337390514
12716.62399563306	81.29660177205275
12901.591550924093	80.88274842361443
13089.249521259411	80.54335558012227
13279.637039626952	80.0082382139863
13472.793808217073	79.65678533753334
13668.760106701786	79.68741796265438
13867.576800634426	79.62188672781602
14069.285349971487	79.66316215246721
14273.927817718419	79.89850099037618
14481.54687870117	80.86617362849154
14692.18582846533	81.65335298247518
14905.888592304698	82.47630860804973
15122.699734421185	83.54147369788623
15342.664467217943	84.90309277101704
15565.828660727671	86.58467863190613
15792.238852178061	88.69833942515791
16021.942255696367	91.0965344882138
16254.986772155136	92.64691590606324
16491.42099916115	91.71914799929165
16731.294241189662	89.86843644121402
16974.65651986603	87.98264253623694
17221.558584396902	85.95197892119366
17472.051922153143	83.76331529274097
17726.188769406665	83.91376672400048
17984.022122223458	84.32055851066859
18245.605747515034	84.90448268134422
18510.99419425065	81.73729154940979
18780.242804832582	79.276527386603
19053.40772663689	77.72728673975901
19330.545923722028	76.16585629251769
19611.71518870775	73.26182351274123
19896.974154826825	70.99948400000001
20186.382308152035	70.99948400000001