9.857	80.766
10	80.893
10.145	81.059
10.293	81.258
10.443	81.47
10.595	81.689
10.749	81.907
10.905	82.125
11.064	82.346
11.225	82.567
11.388	82.787
11.554	83.005
11.722	83.217
11.892	83.42
12.065	83.61
12.241	83.789
12.419	83.956
12.599	84.113
12.782	84.263
12.968	84.408
13.157	84.552
13.348	84.697
13.543	84.847
13.74	85.003
13.939	85.165
14.142	85.333
14.348	85.502
14.557	85.672
14.768	85.839
14.983	86.003
15.201	86.162
15.422	86.315
15.646	86.464
15.874	86.607
16.105	86.747
16.339	86.884
16.577	87.019
16.818	87.154
17.063	87.288
17.311	87.425
17.563	87.563
17.818	87.704
18.077	87.846
18.34	87.99
18.607	88.136
18.877	88.283
19.152	88.434
19.431	88.589
19.713	88.751
20	88.92
20.291	89.097
20.586	89.282
20.885	89.47
21.189	89.664
21.497	89.855
21.81	90.045
22.127	90.234
22.449	90.422
22.776	90.609
23.107	90.795
23.443	90.979
23.784	91.161
24.13	91.333
24.481	91.504
24.837	91.674
25.198	91.844
25.565	92.01
25.937	92.17
26.314	92.326
26.697	92.475
27.085	92.62
27.479	92.764
27.879	92.903
28.284	93.04
28.696	93.169
29.113	93.293
29.537	93.412
29.966	93.529
30.402	93.642
30.844	93.751
31.293	93.85
31.748	93.939
32.21	94.022
32.678	94.094
33.154	94.159
33.636	94.219
34.125	94.278
34.621	94.339
35.125	94.402
35.636	94.461
36.154	94.511
36.68	94.55
37.214	94.576
37.755	94.585
38.304	94.587
38.861	94.582
39.427	94.567
40	94.548
40.582	94.522
41.172	94.494
41.771	94.463
42.379	94.435
42.995	94.408
43.62	94.385
44.255	94.371
44.898	94.365
45.552	94.364
46.214	94.366
46.886	94.373
47.568	94.381
48.26	94.387
48.962	94.394
49.674	94.402
50.397	94.409
51.13	94.421
51.874	94.434
52.628	94.453
53.394	94.473
54.17	94.502
54.958	94.541
55.758	94.585
56.569	94.636
57.391	94.684
58.226	94.729
59.073	94.771
59.932	94.809
60.804	94.848
61.688	94.889
62.586	94.927
63.496	94.958
64.42	94.984
65.357	95.016
66.307	95.05
67.272	95.077
68.25	95.101
69.243	95.126
70.25	95.16
71.272	95.192
72.309	95.229
73.36	95.267
74.427	95.307
75.51	95.347
76.608	95.387
77.723	95.427
78.853	95.471
80	95.521
81.164	95.569
82.344	95.617
83.542	95.661
84.757	95.704
85.99	95.751
87.241	95.809
88.51	95.883
89.797	95.956
91.103	96.031
92.428	96.103
93.773	96.174
95.137	96.242
96.52	96.307
97.924	96.372
99.349	96.421
100.794	96.456
102.26	96.486
103.747	96.513
105.256	96.537
106.787	96.556
108.34	96.57
109.916	96.58
111.515	96.583
113.137	96.582
114.783	96.58
116.452	96.582
118.146	96.595
119.865	96.611
121.608	96.637
123.377	96.661
125.171	96.681
126.992	96.7
128.839	96.714
130.713	96.72
132.615	96.717
134.543	96.705
136.5	96.687
138.486	96.654
140.5	96.602
142.544	96.54
144.617	96.481
146.721	96.432
148.855	96.378
151.02	96.318
153.217	96.253
155.445	96.186
157.706	96.113
160	96.035
162.327	95.953
164.688	95.869
167.084	95.778
169.514	95.682
171.98	95.58
174.481	95.48
177.019	95.381
179.594	95.274
182.206	95.16
184.856	95.042
187.545	94.928
190.273	94.813
193.041	94.693
195.849	94.575
198.697	94.455
201.587	94.338
204.52	94.229
207.494	94.12
210.512	94.018
213.574	93.923
216.681	93.821
219.833	93.713
223.03	93.605
226.274	93.486
229.565	93.366
232.905	93.247
236.292	93.127
239.729	93.006
243.216	92.894
246.754	92.795
250.343	92.707
253.984	92.63
257.678	92.565
261.426	92.506
265.229	92.451
269.087	92.389
273.001	92.324
276.972	92.261
281	92.201
285.088	92.148
289.234	92.093
293.441	92.035
297.709	91.976
302.04	91.915
306.433	91.846
310.89	91.776
315.412	91.714
320	91.653
324.655	91.587
329.377	91.51
334.168	91.424
339.028	91.33
343.959	91.231
348.962	91.13
354.038	91.022
359.188	90.892
364.412	90.75
369.713	90.61
375.09	90.469
380.546	90.321
386.081	90.174
391.697	90.024
397.394	89.869
403.175	89.711
409.039	89.558
414.989	89.413
421.025	89.273
427.149	89.14
433.362	89.017
439.665	88.906
446.06	88.806
452.548	88.748
459.131	88.699
465.809	88.658
472.584	88.624
479.458	88.597
486.432	88.577
493.507	88.557
500.686	88.542
507.968	88.531
515.357	88.524
522.853	88.518
530.458	88.516
538.174	88.522
546.002	88.528
553.943	88.534
562.001	88.539
570.175	88.532
578.469	88.518
586.883	88.504
595.419	88.481
604.08	88.452
612.866	88.436
621.78	88.458
630.824	88.485
640	88.491
649.309	88.495
658.753	88.497
668.335	88.509
678.056	88.525
687.919	88.542
697.925	88.563
708.077	88.594
718.376	88.63
728.825	88.672
739.426	88.713
750.181	88.748
761.093	88.771
772.163	88.782
783.394	88.782
794.789	88.773
806.349	88.756
818.078	88.735
829.977	88.706
842.05	88.663
854.298	88.602
866.724	88.521
879.33	88.424
892.12	88.314
905.097	88.216
918.262	88.171
931.618	88.224
945.169	88.394
958.917	88.677
972.864	89.035
987.015	89.427
1001.37	89.809
1015.94	90.132
1030.71	90.364
1045.71	90.514
1060.92	90.592
1076.35	90.615
1092.00	90.599
1107.89	90.55
1124.00	90.475
1140.35	90.382
1156.94	90.271
1173.77	90.146
1190.84	89.978
1208.16	89.805
1225.73	89.649
1243.56	89.491
1261.65	89.32
1280	89.13
1298.62	88.918
1317.51	88.69
1336.67	88.481
1356.11	88.319
1375.84	88.198
1395.85	88.108
1416.15	88.067
1436.75	88.068
1457.65	88.109
1478.85	88.187
1500.36	88.288
1522.19	88.407
1544.33	88.539
1566.79	88.68
1589.58	88.828
1612.70	88.988
1636.16	89.13
1659.96	89.257
1684.10	89.378
1708.60	89.505
1733.45	89.631
1758.66	89.733
1784.24	89.809
1810.19	89.87
1836.52	89.923
1863.24	89.975
1890.34	90.035
1917.83	90.103
1945.73	90.174
1974.03	90.24
2002.74	90.343
2031.87	90.477
2061.43	90.63
2091.41	90.778
2121.83	90.906
2152.70	91.016
2184.01	91.193
2215.77	91.374
2248.00	91.449
2280.70	91.438
2313.87	91.394
2347.53	91.351
2381.68	91.34
2416.32	91.37
2451.46	91.446
2487.12	91.551
2523.30	91.679
2560	91.745
2597.24	91.744
2635.01	91.677
2673.34	91.581
2712.23	91.488
2751.68	91.418
2791.70	91.384
2832.31	91.387
2873.50	91.403
2915.30	91.402
2957.70	91.375
3000.72	91.313
3044.37	91.189
3088.65	90.99
3133.58	90.729
3179.16	90.419
3225.40	90.082
3272.31	89.736
3319.91	89.423
3368.20	89.147
3417.19	88.89
3466.89	88.636
3517.32	88.351
3568.48	88.012
3620.39	87.615
3673.05	87.172
3726.47	86.721
3780.68	86.317
3835.67	85.995
3891.46	85.762
3948.06	85.613
4005.49	85.538
4063.75	85.532
4122.86	85.57
4182.82	85.585
4243.66	85.541
4305.39	85.419
4368.01	85.204
4431.55	84.885
4496.01	84.452
4561.40	83.912
4627.75	83.301
4695.06	82.664
4763.35	82.054
4832.64	81.501
4902.93	81.037
4974.24	80.626
5046.60	80.18
5120	79.571
5194.47	78.776
5270.03	78.011
5346.68	77.39
5424.45	77.083
5503.35	77.38
5583.40	78.378
5664.61	80.066
5747.01	82.303
5830.60	84.713
5915.41	86.983
6001.45	88.951
6088.74	90.427
6177.30	91.341
6267.15	91.816
6358.31	92.007
6450.80	92.071
6544.63	92.139
6639.82	92.299
6736.40	92.588
6834.38	93.039
6933.79	93.628
7034.64	94.312
7136.96	95.042
7240.77	95.729
7346.09	96.276
7452.94	96.617
7561.35	96.727
7671.33	96.641
7782.91	96.489
7896.12	96.388
8010.97	96.347
8127.49	96.454
8245.71	96.722
8365.65	97.051
8487.33	97.232
8610.78	97.195
8736.03	96.887
8863.09	96.414
8992.01	95.86
9122.80	95.202
9255.50	94.546
9390.12	94.013
9526.70	93.586
9665.27	93.247
9805.86	92.953
9948.49	92.678
10093.19	92.365
10240	91.972
10388.94	91.541
10540.06	90.95
10693.36	90.385
10848.90	90.008
11006.70	89.823
11166.80	89.839
11329.22	90.087
11494.01	90.706
11661.20	91.508
11830.81	92.193
12002.90	92.458
12177.48	92.091
12354.61	91.268
12534.31	90.298
12716.62	89.247
12901.59	88.287
13089.25	87.495
13279.64	86.907
13472.79	86.573
13668.76	86.537
13867.58	86.654
14069.29	86.876
14273.93	87.04
14481.55	86.869
14692.19	86.27
14905.89	85.217
15122.70	83.789
15342.66	82.181
15565.83	80.508
15792.24	78.825
16021.94	77.265
16254.99	76.021
16491.42	75.171
16731.29	74.7
16974.66	74.44
17221.56	74.409
17472.05	74.349
17726.19	74.377
17984.02	74.052
18245.61	73.572
18510.99	73.318
18780.24	73.724
19053.41	74.623
19330.55	76.345
19611.72	79.031
19896.97	81.618
20186.38	80.062
20480	77.578
20777.89	73.684
21080.11	68.674
21386.73	62.995
21697.80	57.404