9.857	88.121
10	88.241
10.145	88.398
10.293	88.586
10.443	88.781
10.595	88.982
10.749	89.176
10.905	89.364
11.064	89.546
11.225	89.72
11.388	89.886
11.554	90.043
11.722	90.191
11.892	90.33
12.065	90.461
12.241	90.588
12.419	90.71
12.599	90.83
12.782	90.948
12.968	91.061
13.157	91.168
13.348	91.264
13.543	91.347
13.74	91.412
13.939	91.459
14.142	91.488
14.348	91.5
14.557	91.501
14.768	91.497
14.983	91.494
15.201	91.496
15.422	91.503
15.646	91.517
15.874	91.53
16.105	91.537
16.339	91.529
16.577	91.5
16.818	91.446
17.063	91.368
17.311	91.271
17.563	91.163
17.818	91.057
18.077	90.964
18.34	90.893
18.607	90.846
18.877	90.823
19.152	90.815
19.431	90.813
19.713	90.806
20	90.789
20.291	90.763
20.586	90.734
20.885	90.712
21.189	90.711
21.497	90.732
21.81	90.774
22.127	90.831
22.449	90.892
22.776	90.95
23.107	91.003
23.443	91.051
23.784	91.1
24.13	91.145
24.481	91.193
24.837	91.241
25.198	91.288
25.565	91.331
25.937	91.372
26.314	91.416
26.697	91.463
27.085	91.512
27.479	91.562
27.879	91.606
28.284	91.644
28.696	91.674
29.113	91.7
29.537	91.727
29.966	91.758
30.402	91.795
30.844	91.836
31.293	91.875
31.748	91.915
32.21	91.959
32.678	92.002
33.154	92.046
33.636	92.089
34.125	92.133
34.621	92.184
35.125	92.244
35.636	92.309
36.154	92.371
36.68	92.43
37.214	92.484
37.755	92.529
38.304	92.576
38.861	92.621
39.427	92.659
40	92.697
40.582	92.736
41.172	92.777
41.771	92.815
42.379	92.855
42.995	92.895
43.62	92.942
44.255	92.993
44.898	93.047
45.552	93.104
46.214	93.166
46.886	93.235
47.568	93.303
48.26	93.361
48.962	93.416
49.674	93.468
50.397	93.513
51.13	93.556
51.874	93.595
52.628	93.634
53.394	93.669
54.17	93.706
54.958	93.743
55.758	93.777
56.569	93.81
57.391	93.832
58.226	93.843
59.073	93.842
59.932	93.831
60.804	93.812
61.688	93.788
62.586	93.755
63.496	93.707
64.42	93.649
65.357	93.59
66.307	93.528
67.272	93.454
68.25	93.371
69.243	93.283
70.25	93.201
71.272	93.113
72.309	93.027
73.36	92.942
74.427	92.857
75.51	92.775
76.608	92.688
77.723	92.599
78.853	92.513
80	92.434
81.164	92.357
82.344	92.282
83.542	92.208
84.757	92.137
85.99	92.074
87.241	92.022
88.51	91.986
89.797	91.95
91.103	91.918
92.428	91.886
93.773	91.853
95.137	91.816
96.52	91.775
97.924	91.734
99.349	91.679
100.794	91.609
102.26	91.536
103.747	91.461
105.256	91.386
106.787	91.306
108.34	91.222
109.916	91.132
111.515	91.035
113.137	90.932
114.783	90.821
116.452	90.706
118.146	90.596
119.865	90.482
121.608	90.376
123.377	90.266
125.171	90.147
126.992	90.025
128.839	89.895
130.713	89.755
132.615	89.603
134.543	89.441
136.5	89.272
138.486	89.088
140.5	88.886
142.544	88.674
144.617	88.469
146.721	88.279
148.855	88.093
151.02	87.909
153.217	87.734
155.445	87.571
157.706	87.421
160	87.285
162.327	87.17
164.688	87.08
167.084	87.014
169.514	86.973
171.98	86.956
174.481	86.971
177.019	87.015
179.594	87.077
182.206	87.157
184.856	87.257
187.545	87.38
190.273	87.52
193.041	87.668
195.849	87.824
198.697	87.976
201.587	88.126
204.52	88.276
207.494	88.416
210.512	88.554
213.574	88.688
216.681	88.81
219.833	88.922
223.03	89.028
226.274	89.119
229.565	89.201
232.905	89.275
236.292	89.339
239.729	89.392
243.216	89.441
246.754	89.493
250.343	89.546
253.984	89.602
257.678	89.661
261.426	89.721
265.229	89.779
269.087	89.829
273.001	89.869
276.972	89.905
281	89.937
285.088	89.97
289.234	89.997
293.441	90.015
297.709	90.029
302.04	90.035
306.433	90.03
310.89	90.019
315.412	90.015
320	90.011
324.655	90.008
329.377	90.002
334.168	89.996
339.028	89.992
343.959	89.99
348.962	89.991
354.038	89.989
359.188	89.981
364.412	89.963
369.713	89.948
375.09	89.935
380.546	89.917
386.081	89.903
391.697	89.888
397.394	89.871
403.175	89.851
409.039	89.836
414.989	89.825
421.025	89.814
427.149	89.803
433.362	89.792
439.665	89.786
446.06	89.783
452.548	89.771
459.131	89.761
465.809	89.75
472.584	89.742
479.458	89.733
486.432	89.725
493.507	89.711
500.686	89.693
507.968	89.668
515.357	89.636
522.853	89.592
530.458	89.539
538.174	89.481
546.002	89.414
553.943	89.341
562.001	89.263
570.175	89.173
578.469	89.073
586.883	88.97
595.419	88.85
604.08	88.715
612.866	88.581
621.78	88.481
630.824	88.387
640	88.28
649.309	88.191
658.753	88.122
668.335	88.088
678.056	88.075
687.919	88.074
697.925	88.083
708.077	88.104
718.376	88.134
728.825	88.182
739.426	88.247
750.181	88.327
761.093	88.419
772.163	88.519
783.394	88.629
794.789	88.746
806.349	88.876
818.078	89.025
829.977	89.193
842.05	89.374
854.298	89.564
866.724	89.758
879.33	89.952
892.12	90.131
905.097	90.292
918.262	90.434
931.618	90.551
945.169	90.631
958.917	90.674
972.864	90.674
987.015	90.641
1001.37	90.591
1015.94	90.522
1030.71	90.432
1045.71	90.327
1060.92	90.196
1076.35	90.037
1092.00	89.859
1107.89	89.665
1124.00	89.459
1140.35	89.251
1156.94	89.042
1173.77	88.836
1190.84	88.609
1208.16	88.397
1225.73	88.23
1243.56	88.091
1261.65	87.975
1280	87.884
1298.62	87.815
1317.51	87.768
1336.67	87.761
1356.11	87.801
1375.84	87.86
1395.85	87.912
1416.15	87.968
1436.75	88.021
1457.65	88.073
1478.85	88.13
1500.36	88.189
1522.19	88.248
1544.33	88.308
1566.79	88.364
1589.58	88.424
1612.70	88.49
1636.16	88.537
1659.96	88.568
1684.10	88.592
1708.60	88.624
1733.45	88.658
1758.66	88.673
1784.24	88.665
1810.19	88.646
1836.52	88.624
1863.24	88.611
1890.34	88.611
1917.83	88.623
1945.73	88.637
1974.03	88.643
2002.74	88.679
2031.87	88.735
2061.43	88.801
2091.41	88.849
2121.83	88.869
2152.70	88.862
2184.01	88.918
2215.77	88.971
2248.00	88.923
2280.70	88.795
2313.87	88.635
2347.53	88.471
2381.68	88.331
2416.32	88.231
2451.46	88.176
2487.12	88.15
2523.30	88.146
2560	88.079
2597.24	87.946
2635.01	87.743
2673.34	87.511
2712.23	87.296
2751.68	87.145
2791.70	87.1
2832.31	87.182
2873.50	87.393
2915.30	87.72
2957.70	88.158
3000.72	88.684
3044.37	89.25
3088.65	89.813
3133.58	90.366
3179.16	90.91
3225.40	91.456
3272.31	92.007
3319.91	92.57
3368.20	93.107
3417.19	93.547
3466.89	93.836
3517.32	93.923
3568.48	93.798
3620.39	93.496
3673.05	93.072
3726.47	92.572
3780.68	92.053
3835.67	91.555
3891.46	91.088
3948.06	90.661
4005.49	90.29
4063.75	90.007
4122.86	89.823
4182.82	89.698
4243.66	89.586
4305.39	89.458
4368.01	89.292
4431.55	89.062
4496.01	88.743
4561.40	88.33
4627.75	87.834
4695.06	87.269
4763.35	86.657
4832.64	86
4902.93	85.324
4974.24	84.63
5046.60	83.944
5120	83.336
5194.47	82.866
5270.03	82.581
5346.68	82.515
5424.45	82.691
5503.35	83.092
5583.40	83.689
5664.61	84.456
5747.01	85.337
5830.60	86.282
5915.41	87.24
6001.45	88.181
6088.74	89.106
6177.30	90.058
6267.15	91.033
6358.31	92.017
6450.80	92.972
6544.63	93.848
6639.82	94.587
6736.40	95.121
6834.38	95.403
6933.79	95.395
7034.64	95.099
7136.96	94.57
7240.77	93.866
7346.09	93.041
7452.94	92.163
7561.35	91.319
7671.33	90.59
7782.91	90.057
7896.12	89.764
8010.97	89.647
8127.49	89.744
8245.71	90.071
8365.65	90.549
8487.33	90.948
8610.78	91.139
8736.03	90.986
8863.09	90.496
8992.01	89.656
9122.80	88.35
9255.50	86.533
9390.12	84.475
9526.70	82.596
9665.27	81.359
9805.86	81.049
9948.49	81.824
10093.19	83.519
10240	85.735
10388.94	88.06
10540.06	89.839
10693.36	90.753
10848.90	90.951
11006.70	90.561
11166.80	89.734
11329.22	88.703
11494.01	87.891
11661.20	87.491
11830.81	87.502
12002.90	87.85
12177.48	88.31
12354.61	88.78
12534.31	89.232
12716.62	89.468
12901.59	89.483
13089.25	89.309
13279.64	89.107
13472.79	89.062
13668.76	89.25
13867.58	89.662
14069.29	90.199
14273.93	90.728
14481.55	91.1
14692.19	91.256
14905.89	91.041
15122.70	90.383
15342.66	89.362
15565.83	87.942
15792.24	86.125
16021.94	84.13
16254.99	82.21
16491.42	80.589
16731.29	79.25
16974.66	77.936
17221.56	76.673
17472.05	75.175
17726.19	73.656
17984.02	71.87
18245.61	70.281
18510.99	69.365
18780.24	69.862
19053.41	71.575
19330.55	74.514
19611.72	78.791
19896.97	83.246
20186.38	83.866
20480	84.145
20777.89	83.758
21080.11	82.4
21386.73	80.407
21697.80	78.081