9.857	79.831
10	79.973
10.145	80.157
10.293	80.376
10.443	80.604
10.595	80.835
10.749	81.056
10.905	81.269
11.064	81.474
11.225	81.668
11.388	81.855
11.554	82.034
11.722	82.207
11.892	82.375
12.065	82.538
12.241	82.699
12.419	82.857
12.599	83.014
12.782	83.169
12.968	83.319
13.157	83.466
13.348	83.608
13.543	83.747
13.74	83.882
13.939	84.014
14.142	84.144
14.348	84.272
14.557	84.397
14.768	84.517
14.983	84.632
15.201	84.738
15.422	84.833
15.646	84.916
15.874	84.987
16.105	85.048
16.339	85.101
16.577	85.15
16.818	85.2
17.063	85.252
17.311	85.31
17.563	85.371
17.818	85.434
18.077	85.494
18.34	85.547
18.607	85.589
18.877	85.619
19.152	85.638
19.431	85.648
19.713	85.655
20	85.66
20.291	85.669
20.586	85.682
20.885	85.701
21.189	85.726
21.497	85.751
21.81	85.776
22.127	85.797
22.449	85.814
22.776	85.824
23.107	85.829
23.443	85.828
23.784	85.824
24.13	85.809
24.481	85.794
24.837	85.781
25.198	85.77
25.565	85.759
25.937	85.748
26.314	85.737
26.697	85.726
27.085	85.718
27.479	85.719
27.879	85.725
28.284	85.74
28.696	85.758
29.113	85.781
29.537	85.81
29.966	85.846
30.402	85.891
30.844	85.943
31.293	85.999
31.748	86.057
32.21	86.117
32.678	86.174
33.154	86.231
33.636	86.288
34.125	86.352
34.621	86.427
35.125	86.51
35.636	86.596
36.154	86.677
36.68	86.753
37.214	86.82
37.755	86.872
38.304	86.922
38.861	86.968
39.427	87.005
40	87.037
40.582	87.06
41.172	87.077
41.771	87.088
42.379	87.097
42.995	87.103
43.62	87.109
44.255	87.121
44.898	87.135
45.552	87.15
46.214	87.163
46.886	87.176
47.568	87.186
48.26	87.19
48.962	87.193
49.674	87.192
50.397	87.187
51.13	87.18
51.874	87.172
52.628	87.164
53.394	87.154
54.17	87.15
54.958	87.152
55.758	87.157
56.569	87.164
57.391	87.165
58.226	87.161
59.073	87.151
59.932	87.137
60.804	87.122
61.688	87.109
62.586	87.096
63.496	87.079
64.42	87.059
65.357	87.049
66.307	87.046
67.272	87.046
68.25	87.051
69.243	87.064
70.25	87.097
71.272	87.134
72.309	87.181
73.36	87.237
74.427	87.298
75.51	87.365
76.608	87.438
77.723	87.515
78.853	87.602
80	87.698
81.164	87.798
82.344	87.9
83.542	88.004
84.757	88.107
85.99	88.217
87.241	88.337
88.51	88.473
89.797	88.606
91.103	88.738
92.428	88.865
93.773	88.987
95.137	89.104
96.52	89.212
97.924	89.313
99.349	89.392
100.794	89.446
102.26	89.489
103.747	89.52
105.256	89.545
106.787	89.569
108.34	89.598
109.916	89.638
111.515	89.69
113.137	89.756
114.783	89.835
116.452	89.927
118.146	90.034
119.865	90.143
121.608	90.26
123.377	90.372
125.171	90.476
126.992	90.575
128.839	90.667
130.713	90.748
132.615	90.819
134.543	90.881
136.5	90.936
138.486	90.975
140.5	90.995
142.544	91.005
144.617	91.017
146.721	91.039
148.855	91.055
151.02	91.065
153.217	91.07
155.445	91.072
157.706	91.069
160	91.06
162.327	91.05
164.688	91.039
167.084	91.022
169.514	91
171.98	90.971
174.481	90.94
177.019	90.907
179.594	90.861
182.206	90.804
184.856	90.74
187.545	90.679
190.273	90.62
193.041	90.561
195.849	90.51
198.697	90.464
201.587	90.424
204.52	90.392
207.494	90.355
210.512	90.322
213.574	90.288
216.681	90.245
219.833	90.196
223.03	90.15
226.274	90.099
229.565	90.051
232.905	90.01
236.292	89.971
239.729	89.935
243.216	89.908
246.754	89.895
250.343	89.891
253.984	89.895
257.678	89.907
261.426	89.924
265.229	89.943
269.087	89.96
273.001	89.976
276.972	89.998
281	90.03
285.088	90.073
289.234	90.12
293.441	90.169
297.709	90.221
302.04	90.275
306.433	90.322
310.89	90.368
315.412	90.421
320	90.475
324.655	90.527
329.377	90.571
334.168	90.611
339.028	90.648
343.959	90.687
348.962	90.724
354.038	90.758
359.188	90.701
364.412	90.638
369.713	90.577
375.09	90.516
380.546	90.446
386.081	90.372
391.697	90.285
397.394	90.185
403.175	90.075
409.039	89.972
414.989	89.884
421.025	89.813
427.149	89.756
433.362	89.707
439.665	89.656
446.06	89.585
452.548	89.535
459.131	89.443
465.809	89.317
472.584	89.183
479.458	89.065
486.432	88.985
493.507	88.944
500.686	88.935
507.968	88.937
515.357	88.911
522.853	88.829
530.458	88.69
538.174	88.528
546.002	88.362
553.943	88.217
562.001	88.1
570.175	87.996
578.469	87.896
586.883	87.789
595.419	87.648
604.08	87.471
612.866	87.286
621.78	87.126
630.824	86.965
640	86.78
649.309	86.596
658.753	86.415
668.335	86.257
678.056	86.122
687.919	86.017
697.925	85.955
708.077	85.947
718.376	85.992
728.825	86.085
739.426	86.207
750.181	86.334
761.093	86.446
772.163	86.529
783.394	86.582
794.789	86.614
806.349	86.643
818.078	86.691
829.977	86.775
842.05	86.899
854.298	87.064
866.724	87.265
879.33	87.492
892.12	87.724
905.097	87.952
918.262	88.172
931.618	88.377
945.169	88.545
958.917	88.671
972.864	88.741
987.015	88.761
1001.37	88.745
1015.94	88.693
1030.71	88.608
1045.71	88.5
1060.92	88.367
1076.35	88.205
1092.00	88.025
1107.89	87.83
1124.00	87.623
1140.35	87.414
1156.94	87.202
1173.77	86.992
1190.84	86.755
1208.16	86.525
1225.73	86.329
1243.56	86.147
1261.65	85.972
1280	85.804
1298.62	85.642
1317.51	85.492
1336.67	85.379
1356.11	85.317
1375.84	85.294
1395.85	85.294
1416.15	85.342
1436.75	85.435
1457.65	85.58
1478.85	85.785
1500.36	86.042
1522.19	86.338
1544.33	86.664
1566.79	87.006
1589.58	87.363
1612.70	87.731
1636.16	88.074
1659.96	88.389
1684.10	88.683
1708.60	88.971
1733.45	89.251
1758.66	89.505
1784.24	89.734
1810.19	89.952
1836.52	90.163
1863.24	90.372
1890.34	90.577
1917.83	90.767
1945.73	90.927
1974.03	91.034
2002.74	91.114
2031.87	91.152
2061.43	91.142
2091.41	91.077
2121.83	90.976
2152.70	90.877
2184.01	90.892
2215.77	90.966
2248.00	90.994
2280.70	90.976
2313.87	90.933
2347.53	90.871
2381.68	90.8
2416.32	90.721
2451.46	90.641
2487.12	90.557
2523.30	90.484
2560	90.364
2597.24	90.225
2635.01	90.098
2673.34	90.05
2712.23	90.131
2751.68	90.346
2791.70	90.656
2832.31	90.988
2873.50	91.256
2915.30	91.39
2957.70	91.381
3000.72	91.248
3044.37	91.014
3088.65	90.715
3133.58	90.391
3179.16	90.055
3225.40	89.718
3272.31	89.386
3319.91	89.095
3368.20	88.851
3417.19	88.633
3466.89	88.426
3517.32	88.201
3568.48	87.95
3620.39	87.676
3673.05	87.392
3726.47	87.111
3780.68	86.856
3835.67	86.633
3891.46	86.43
3948.06	86.24
4005.49	86.065
4063.75	85.935
4122.86	85.863
4182.82	85.823
4243.66	85.811
4305.39	85.845
4368.01	85.944
4431.55	86.116
4496.01	86.338
4561.40	86.576
4627.75	86.783
4695.06	86.91
4763.35	86.924
4832.64	86.801
4902.93	86.575
4974.24	86.257
5046.60	85.877
5120	85.471
5194.47	85.081
5270.03	84.742
5346.68	84.465
5424.45	84.245
5503.35	84.068
5583.40	83.94
5664.61	83.894
5747.01	83.949
5830.60	84.105
5915.41	84.34
6001.45	84.627
6088.74	84.923
6177.30	85.186
6267.15	85.349
6358.31	85.368
6450.80	85.228
6544.63	84.943
6639.82	84.571
6736.40	84.186
6834.38	83.893
6933.79	83.789
7034.64	83.948
7136.96	84.415
7240.77	85.149
7346.09	86.056
7452.94	87.022
7561.35	87.934
7671.33	88.701
7782.91	89.292
7896.12	89.703
8010.97	89.879
8127.49	89.919
8245.71	89.924
8365.65	89.926
8487.33	89.844
8610.78	89.68
8736.03	89.416
8863.09	89.14
8992.01	88.936
9122.80	88.794
9255.50	88.827
9390.12	89.151
9526.70	89.694
9665.27	90.306
9805.86	90.791
9948.49	91
10093.19	90.792
10240	90.139
10388.94	89.182
10540.06	87.936
10693.36	86.581
10848.90	85.317
11006.70	84.156
11166.80	83.1
11329.22	82.168
11494.01	81.519
11661.20	81.069
11830.81	80.603
12002.90	79.917
12177.48	78.921
12354.61	77.739
12534.31	76.667
12716.62	75.813
12901.59	75.363
13089.25	75.361
13279.64	75.841
13472.79	76.767
13668.76	77.95
13867.58	79.237
14069.29	80.387
14273.93	81.225
14481.55	81.615
14692.19	81.583
14905.89	81.073
15122.70	80.117
15342.66	78.926
15565.83	77.502
15792.24	75.904
16021.94	74.413
16254.99	73.303
16491.42	72.759
16731.29	72.649
16974.66	72.628
17221.56	72.642
17472.05	72.565
17726.19	72.559
17984.02	72.314
18245.61	72.282
18510.99	72.924
18780.24	74.627
19053.41	76.894
19330.55	79.596
19611.72	82.666
19896.97	84.962
20186.38	82.257
20480	78.332
20777.89	73.178
21080.11	67.448
21386.73	61.802
21697.80	56.88
	
	
	
	
	
	
	
	
	
	
	
	
	
	
	
	
	
	
	
	
	
	
	
	
	
	
	
	
	
	
	
	
	
	
	
	
	
	
	
	
	
	
	
	
	
	
	
	
	
	
	
	
	
	
	
	
	
	
	
	
	
	
	
	
	
	
	
	
	
	
	
	
	
	
	
	
	
	
	
	
	
	
	
	
	
	
	
	
	
	
	
	
	
	
	
	
	
	
	
	
	
	
	
	
	
	
	
	
	
	
	
	
	
	
	
	
	
	
	
	
	
	
	
	
	
	
	
	
	
	
	
	
	
	
	
	
	
	
	
	
	
	
	
	
	
	
	
	
	
	
	
	
	
	
	
	
	
	
	
	
	
	
	
	
	
	
	
	
	
	
	
	
	
	
	
	
	
	
	
	
	
	
	
	
	
	
	
	
	
	
	
	
	
	
	
	
	
	
	
	
	
	
	
	
	
	
	
	
	
	
	
	
	
	
	
	
	
	
	
	
	
	
	
	
	
	
	
	
	
	
	
	
	
	
	
	
	
	
	
	
	
	
	
	
	
	
	
	
	
	
	
	
	
	
	
	
	
	
	
	
	
	
	
	
	
	
	
	
	
	
	
	
	
	
	
	
	
	
	
	
	
	
	
	
	
	
	
	
	
	
	
	
	
	
	
	
	
	
	
	
	
	
	
	
	
	
	
	
	
	
	
	
	
	
	
	
	
	
	
	
	
	
	
	
	
	
	
	
	
	
	
	
	
	
	
	
	
	
	
	
	
	
	
	
	
	
	
	
	
	
	
	
	
	
	
	
	
	
	
	
	
	
	
	
	
	
	
	
	
	
	
	
	
	
	
	
	
	
	
	
	
	
	
	
	
	
	
	
	
	
	
	
	
	
	
	
	
	
	
	
	
	
	
	
	
	
	
	
	
	
	
	
	
	
	
	
	
	
	
	
	
	
	
	
	
	
	
	
	
	
	
	
	
	
	
	
	
	
	
	
	
	
	
	
	
	
	
	
	
	
	
	
	
	
	
	
	
	
	
	
	
	
	
	
	
	