0	74.444
9.857	74.6055
10	74.617
10.145	74.667
10.293	74.739
10.443	74.819
10.595	74.894
10.749	74.9655
10.905	75.0375
11.064	75.1115
11.225	75.1875
11.388	75.2645
11.554	75.3455
11.722	75.428
11.892	75.5105
12.065	75.5935
12.241	75.677
12.419	75.7565
12.599	75.8335
12.782	75.906
12.968	75.974
13.157	76.038
13.348	76.0975
13.543	76.154
13.74	76.2095
13.939	76.264
14.142	76.3195
14.348	76.376
14.557	76.435
14.768	76.4945
14.983	76.5545
15.201	76.6165
15.422	76.676
15.646	76.734
15.874	76.791
16.105	76.8445
16.339	76.8965
16.577	76.947
16.818	77
17.063	77.054
17.311	77.111
17.563	77.1705
17.818	77.2335
18.077	77.2975
18.34	77.361
18.607	77.424
18.877	77.4865
19.152	77.5515
19.431	77.6155
19.713	77.6815
20	77.751
20.291	77.8255
20.586	77.9045
20.885	77.989
21.189	78.0755
21.497	78.164
21.81	78.254
22.127	78.3435
22.449	78.436
22.776	78.53
23.107	78.6275
23.443	78.729
23.784	78.826
24.13	78.925
24.481	79.024
24.837	79.123
25.198	79.223
25.565	79.3225
25.937	79.421
26.314	79.5235
26.697	79.6265
27.085	79.7335
27.479	79.8425
27.879	79.9535
28.284	80.0625
28.696	80.172
29.113	80.2835
29.537	80.399
29.966	80.518
30.402	80.6405
30.844	80.7525
31.293	80.8605
31.748	80.9705
32.21	81.078
32.678	81.185
33.154	81.294
33.636	81.4085
34.125	81.529
34.621	81.6575
35.125	81.7865
35.636	81.909
36.154	82.0245
36.68	82.13
37.214	82.219
37.755	82.3015
38.304	82.379
38.861	82.449
39.427	82.5135
40	82.5755
40.582	82.6355
41.172	82.6945
41.771	82.757
42.379	82.8175
42.995	82.8825
43.62	82.954
44.255	83.0335
44.898	83.116
45.552	83.199
46.214	83.2875
46.886	83.375
47.568	83.458
48.26	83.5395
48.962	83.6205
49.674	83.6975
50.397	83.7755
51.13	83.8555
51.874	83.9355
52.628	84.021
53.394	84.1115
54.17	84.2115
54.958	84.315
55.758	84.4225
56.569	84.5245
57.391	84.622
58.226	84.716
59.073	84.8045
59.932	84.893
60.804	84.982
61.688	85.069
62.586	85.148
63.496	85.2205
64.42	85.2945
65.357	85.3715
66.307	85.4395
67.272	85.505
68.25	85.574
69.243	85.652
70.25	85.729
71.272	85.809
72.309	85.891
73.36	85.974
74.427	86.057
75.51	86.139
76.608	86.2215
77.723	86.3095
78.853	86.4035
80	86.498
81.164	86.5955
82.344	86.6905
83.542	86.788
84.757	86.892
85.99	87.0075
87.241	87.141
88.51	87.275
89.797	87.4135
91.103	87.548
92.428	87.6835
93.773	87.8185
95.137	87.95
96.52	88.084
97.924	88.203
99.349	88.309
100.794	88.411
102.26	88.5125
103.747	88.6145
105.256	88.716
106.787	88.818
108.34	88.917
109.916	89.013
111.515	89.1045
113.137	89.193
114.783	89.284
116.452	89.3845
118.146	89.4885
119.865	89.603
121.608	89.7185
123.377	89.832
125.171	89.947
126.992	90.061
128.839	90.168
130.713	90.2715
132.615	90.368
134.543	90.4615
136.5	90.5435
138.486	90.6095
140.5	90.667
142.544	90.73
144.617	90.8035
146.721	90.873
148.855	90.936
151.02	90.9965
153.217	91.051
155.445	91.101
157.706	91.1445
160	91.1845
162.327	91.2235
164.688	91.258
167.084	91.288
169.514	91.3125
171.98	91.338
174.481	91.3625
177.019	91.3765
179.594	91.3815
182.206	91.381
184.856	91.3855
187.545	91.3885
190.273	91.386
193.041	91.3845
195.849	91.374
198.697	91.363
201.587	91.351
204.52	91.33
207.494	91.312
210.512	91.2965
213.574	91.272
216.681	91.2465
219.833	91.2205
223.03	91.1875
226.274	91.1545
229.565	91.1215
232.905	91.0855
236.292	91.043
239.729	91.0045
243.216	90.9735
246.754	90.948
250.343	90.928
253.984	90.9145
257.678	90.9035
261.426	90.89
265.229	90.8685
269.087	90.8385
273.001	90.8075
276.972	90.777
281	90.752
285.088	90.726
289.234	90.6985
293.441	90.6715
297.709	90.645
302.04	90.6135
306.433	90.582
310.89	90.5585
315.412	90.537
320	90.514
324.655	90.485
329.377	90.4515
334.168	90.4165
339.028	90.382
343.959	90.3465
348.962	90.3095
354.038	90.2825
359.188	90.2465
364.412	90.215
369.713	90.1855
375.09	90.151
380.546	90.1205
386.081	90.089
391.697	90.0555
397.394	90.0205
403.175	89.99
409.039	89.9655
414.989	89.945
421.025	89.9275
427.149	89.9135
433.362	89.9075
439.665	89.906
446.06	89.8805
452.548	89.859
459.131	89.839
465.809	89.823
472.584	89.8045
479.458	89.7865
486.432	89.764
493.507	89.742
500.686	89.722
507.968	89.7055
515.357	89.69
522.853	89.6765
530.458	89.6695
538.174	89.656
546.002	89.6375
553.943	89.6135
562.001	89.576
570.175	89.5295
578.469	89.4805
586.883	89.423
595.419	89.3585
604.08	89.3055
612.866	89.2895
621.78	89.2745
630.824	89.231
640	89.178
649.309	89.111
658.753	89.045
668.335	88.977
678.056	88.911
687.919	88.8565
697.925	88.825
708.077	88.818
718.376	88.8405
728.825	88.8855
739.426	88.9445
750.181	89.011
761.093	89.0825
772.163	89.156
783.394	89.233
794.789	89.3135
806.349	89.4035
818.078	89.5035
829.977	89.609
842.05	89.721
854.298	89.838
866.724	89.961
879.33	90.082
892.12	90.202
905.097	90.323
918.262	90.4435
931.618	90.5515
945.169	90.6455
958.917	90.7165
972.864	90.77
987.02	90.817
1001.37	90.85
1015.94	90.8635
1030.71	90.8625
1045.71	90.8375
1060.92	90.7895
1076.35	90.729
1092.00	90.6595
1107.89	90.587
1124.00	90.519
1140.35	90.4525
1156.94	90.39
1173.77	90.298
1190.84	90.2105
1208.16	90.15
1225.73	90.092
1243.56	90.025
1262	89.9435
1280.00	89.8365
1298.62	89.7035
1317.51	89.565
1336.67	89.434
1356.11	89.295
1375.84	89.133
1395.85	88.9745
1416.15	88.826
1436.75	88.7075
1457.65	88.634
1478.85	88.6055
1500.36	88.6165
1522.19	88.6595
1544.33	88.723
1566.79	88.8015
1589.58	88.8865
1612.70	88.942
1636.16	88.9655
1659.96	88.9605
1684.10	88.943
1708.60	88.9105
1733.45	88.852
1758.66	88.776
1784.24	88.702
1810.19	88.6435
1836.52	88.61
1863.24	88.6055
1890.34	88.625
1917.83	88.6655
1945.73	88.726
1974.03	88.852
2002.74	89.033
2031.87	89.252
2061.43	89.4705
2091.41	89.66
2121.83	89.8055
2152.70	89.9865
2184.01	90.1385
2215.77	90.177
2248.00	90.1385
2280.70	90.082
2313.87	90.0455
2347.53	90.0535
2381.68	90.1025
2416.32	90.1875
2451.46	90.286
2487.12	90.3905
2523	90.4175
2560.00	90.368
2597.24	90.2395
2635.01	90.0655
2673.34	89.8825
2712.23	89.72
2751.68	89.6065
2791.70	89.5565
2832.31	89.565
2873.50	89.611
2915.30	89.6845
2957.70	89.7665
3000.72	89.812
3044.37	89.7775
3088.65	89.6555
3133.58	89.4475
3179.16	89.1725
3225.40	88.8585
3272.31	88.559
3319.91	88.284
3368.20	88.0215
3417.19	87.762
3466.89	87.476
3517.32	87.1465
3568.48	86.7715
3620.39	86.3535
3673.05	85.9155
3726.47	85.489
3780.68	85.0975
3835.67	84.752
3891.46	84.477
3948.06	84.308
4005.49	84.3
4063.75	84.477
4122.86	84.798
4182.82	85.226
4243.66	85.7175
4305.39	86.217
4368.01	86.66
4431.55	86.9875
4496.01	87.172
4561.40	87.206
4627.75	87.1005
4695.06	86.885
4763.35	86.5715
4832.64	86.206
4902.93	85.802
4974.24	85.3805
5047	84.9715
5120.00	84.6125
5194.47	84.3385
5270.03	84.1545
5346.68	84.0595
5424.45	84.036
5503.35	84.087
5583.40	84.233
5664.61	84.476
5747.01	84.797
5830.60	85.175
5915.41	85.604
6001.45	86.0795
6088.74	86.613
6177.30	87.17
6267.15	87.727
6358.31	88.26
6450.80	88.7405
6544.63	89.1545
6639.82	89.4835
6736.40	89.7265
6834.38	89.8775
6933.79	89.9385
7034.64	89.9335
7136.96	89.8685
7240.77	89.756
7346.09	89.622
7452.94	89.503
7561.35	89.431
7671.33	89.4505
7782.91	89.591
7896.12	89.7805
8010.97	90.087
8127.49	90.59
8245.71	91.2875
8365.65	92.003
8487.33	92.595
8610.78	92.8625
8736.03	92.733
8863.09	92.169
8992.01	91.122
9122.80	89.7935
9255.50	88.54
9390.12	87.6145
9526.70	87.152
9665.27	87.144
9805.86	87.4935
9948.49	88.003
10093	88.4985
10240.00	88.929
10388.94	89.121
10540.06	89.0795
10693.36	88.844
10848.90	88.317
11006.70	87.4355
11166.80	86.241
11329.22	85.0295
11494.01	83.938
11661.20	82.99
11830.81	82.2075
12002.90	81.4925
12177.48	80.8785
12354.61	80.4935
12534.31	80.2175
12716.62	80.007
12901.59	79.7865
13089.25	79.637
13279.64	79.681
13472.79	79.963
13668.76	80.47
13867.58	81.0675
14069.29	81.6205
14273.93	81.964
14481.55	82.0185
14692.19	81.6245
14905.89	80.7865
15122.70	79.6335
15342.66	78.2915
15565.83	76.782
15792.24	75.284
16021.94	74.036
16254.99	73.2455
16491.42	72.9025
16731.29	72.803
16974.66	73.0535
17221.56	73.4855
17472.05	74.3455
17726.19	75.1215
17984.02	75.955
18245.61	77.0935
18510.99	78.893
18780.24	81.0495
19053.41	83.732
19330.55	87.247
19611.72	90.848
19896.97	90.768
20186	90.736
20480.00	90.709
20777.89	90.6705
21080.11	90.633
21386.73	90.61