9.857	92.01
10	92.105
10.145	92.033
10.293	91.987
10.443	91.961
10.595	91.946
10.749	91.934
10.905	91.926
11.064	91.922
11.225	91.923
11.388	91.926
11.554	91.929
11.722	91.932
11.892	91.929
12.065	91.919
12.241	91.899
12.419	91.869
12.599	91.825
12.782	91.772
12.968	91.711
13.157	91.645
13.348	91.579
13.543	91.513
13.74	91.45
13.939	91.389
14.142	91.329
14.348	91.268
14.557	91.205
14.768	91.141
14.983	91.077
15.201	91.013
15.422	90.954
15.646	90.898
15.874	90.844
16.105	90.794
16.339	90.742
16.577	90.687
16.818	90.629
17.063	90.569
17.311	90.504
17.563	90.439
17.818	90.376
18.077	90.318
18.34	90.264
18.607	90.212
18.877	90.159
19.152	90.102
19.431	90.036
19.713	89.96
20	89.877
20.291	89.795
20.586	89.722
20.885	89.663
21.189	89.621
21.497	89.59
21.81	89.563
22.127	89.532
22.449	89.492
22.776	89.446
23.107	89.392
23.443	89.338
23.784	89.287
24.13	89.229
24.481	89.172
24.837	89.114
25.198	89.056
25.565	89.002
25.937	88.956
26.314	88.917
26.697	88.888
27.085	88.859
27.479	88.828
27.879	88.791
28.284	88.753
28.696	88.719
29.113	88.697
29.537	88.691
29.966	88.699
30.402	88.713
30.844	88.727
31.293	88.723
31.748	88.709
32.21	88.692
32.678	88.668
33.154	88.639
33.636	88.605
34.125	88.571
34.621	88.541
35.125	88.522
35.636	88.515
36.154	88.516
36.68	88.525
37.214	88.539
37.755	88.55
38.304	88.566
38.861	88.588
39.427	88.611
40	88.635
40.582	88.661
41.172	88.689
41.771	88.72
42.379	88.76
42.995	88.805
43.62	88.861
44.255	88.932
44.898	89.015
45.552	89.104
46.214	89.197
46.886	89.297
47.568	89.401
48.26	89.503
48.962	89.606
49.674	89.715
50.397	89.825
51.13	89.94
51.874	90.056
52.628	90.173
53.394	90.293
54.17	90.419
54.958	90.553
55.758	90.686
56.569	90.821
57.391	90.95
58.226	91.073
59.073	91.188
59.932	91.298
60.804	91.406
61.688	91.514
62.586	91.621
63.496	91.716
64.42	91.801
65.357	91.886
66.307	91.971
67.272	92.045
68.25	92.115
69.243	92.184
70.25	92.26
71.272	92.332
72.309	92.404
73.36	92.476
74.427	92.546
75.51	92.614
76.608	92.678
77.723	92.741
78.853	92.809
80	92.882
81.164	92.954
82.344	93.029
83.542	93.101
84.757	93.173
85.99	93.252
87.241	93.341
88.51	93.446
89.797	93.552
91.103	93.658
92.428	93.76
93.773	93.861
95.137	93.96
96.52	94.053
97.924	94.147
99.349	94.225
100.794	94.288
102.26	94.346
103.747	94.403
105.256	94.462
106.787	94.519
108.34	94.577
109.916	94.633
111.515	94.685
113.137	94.733
114.783	94.777
116.452	94.825
118.146	94.882
119.865	94.944
121.608	95.017
123.377	95.092
125.171	95.165
126.992	95.238
128.839	95.309
130.713	95.374
132.615	95.435
134.543	95.488
136.5	95.539
138.486	95.578
140.5	95.6
142.544	95.614
144.617	95.634
146.721	95.664
148.855	95.69
151.02	95.711
153.217	95.729
155.445	95.743
157.706	95.753
160	95.759
162.327	95.762
164.688	95.764
167.084	95.761
169.514	95.752
171.98	95.738
174.481	95.723
177.019	95.706
179.594	95.68
182.206	95.644
184.856	95.601
187.545	95.562
190.273	95.517
193.041	95.462
195.849	95.4
198.697	95.321
201.587	95.234
204.52	95.135
207.494	95.02
210.512	94.901
213.574	94.786
216.681	94.675
219.833	94.596
223.03	94.575
226.274	94.626
229.565	94.762
232.905	94.967
236.292	95.205
239.729	95.433
243.216	95.619
246.754	95.741
250.343	95.788
253.984	95.77
257.678	95.708
261.426	95.617
265.229	95.509
269.087	95.383
273.001	95.243
276.972	95.098
281	94.95
285.088	94.803
289.234	94.651
293.441	94.497
297.709	94.347
302.04	94.202
306.433	94.059
310.89	93.925
315.412	93.807
320	93.697
324.655	93.589
329.377	93.478
334.168	93.362
339.028	93.245
343.959	93.127
348.962	93.007
354.038	92.882
359.188	92.743
364.412	92.594
369.713	92.449
375.09	92.306
380.546	92.158
386.081	92.015
391.697	91.871
397.394	91.727
403.175	91.582
409.039	91.446
414.989	91.319
421.025	91.202
427.149	91.095
433.362	91
439.665	90.922
446.06	90.856
452.548	90.779
459.131	90.707
465.809	90.641
472.584	90.585
479.458	90.537
486.432	90.499
493.507	90.462
500.686	90.426
507.968	90.388
515.357	90.343
522.853	90.29
530.458	90.232
538.174	90.175
546.002	90.112
553.943	90.048
562.001	89.983
570.175	89.911
578.469	89.837
586.883	89.773
595.419	89.708
604.08	89.645
612.866	89.599
621.78	89.596
630.824	89.603
640	89.59
649.309	89.579
658.753	89.566
668.335	89.563
678.056	89.56
687.919	89.553
697.925	89.543
708.077	89.535
718.376	89.527
728.825	89.523
739.426	89.518
750.181	89.511
761.093	89.501
772.163	89.487
783.394	89.472
794.789	89.459
806.349	89.452
818.078	89.464
829.977	89.506
842.05	89.583
854.298	89.696
866.724	89.838
879.33	89.993
892.12	90.134
905.097	90.243
918.262	90.311
931.618	90.336
945.169	90.315
958.917	90.265
972.864	90.195
987.015	90.125
1001.37	90.077
1015.94	90.046
1030.71	90.017
1045.71	89.985
1060.92	89.923
1076.35	89.817
1092.00	89.669
1107.89	89.483
1124.00	89.271
1140.35	89.052
1156.94	88.834
1173.77	88.624
1190.84	88.383
1208.16	88.145
1225.73	87.928
1243.56	87.701
1261.65	87.46
1280	87.209
1298.62	86.953
1317.51	86.705
1336.67	86.486
1356.11	86.305
1375.84	86.147
1395.85	85.99
1416.15	85.855
1436.75	85.744
1457.65	85.669
1478.85	85.641
1500.36	85.656
1522.19	85.713
1544.33	85.813
1566.79	85.961
1589.58	86.176
1612.70	86.476
1636.16	86.835
1659.96	87.242
1684.10	87.669
1708.60	88.088
1733.45	88.449
1758.66	88.699
1784.24	88.822
1810.19	88.833
1836.52	88.758
1863.24	88.629
1890.34	88.472
1917.83	88.302
1945.73	88.127
1974.03	87.95
2002.74	87.813
2031.87	87.719
2061.43	87.652
2091.41	87.583
2121.83	87.489
2152.70	87.37
2184.01	87.325
2215.77	87.304
2248.00	87.23
2280.70	87.144
2313.87	87.119
2347.53	87.182
2381.68	87.326
2416.32	87.5
2451.46	87.672
2487.12	87.811
2523.30	87.921
2560	87.947
2597.24	87.922
2635.01	87.875
2673.34	87.861
2712.23	87.901
2751.68	87.997
2791.70	88.157
2832.31	88.383
2873.50	88.661
2915.30	88.982
2957.70	89.353
3000.72	89.768
3044.37	90.197
3088.65	90.598
3133.58	90.947
3179.16	91.213
3225.40	91.384
3272.31	91.452
3319.91	91.454
3368.20	91.409
3417.19	91.317
3466.89	91.179
3517.32	90.977
3568.48	90.712
3620.39	90.397
3673.05	90.053
3726.47	89.719
3780.68	89.446
3835.67	89.261
3891.46	89.154
3948.06	89.102
4005.49	89.063
4063.75	89.026
4122.86	88.962
4182.82	88.802
4243.66	88.526
4305.39	88.155
4368.01	87.746
4431.55	87.363
4496.01	87.035
4561.40	86.766
4627.75	86.542
4695.06	86.33
4763.35	86.104
4832.64	85.823
4902.93	85.484
4974.24	85.102
5046.60	84.738
5120	84.481
5194.47	84.422
5270.03	84.608
5346.68	85.015
5424.45	85.557
5503.35	86.091
5583.40	86.484
5664.61	86.668
5747.01	86.641
5830.60	86.458
5915.41	86.202
6001.45	85.956
6088.74	85.771
6177.30	85.676
6267.15	85.647
6358.31	85.673
6450.80	85.745
6544.63	85.878
6639.82	86.092
6736.40	86.382
6834.38	86.736
6933.79	87.123
7034.64	87.515
7136.96	87.903
7240.77	88.269
7346.09	88.6
7452.94	88.909
7561.35	89.229
7671.33	89.584
7782.91	90.028
7896.12	90.592
8010.97	91.198
8127.49	91.863
8245.71	92.577
8365.65	93.265
8487.33	93.774
8610.78	94.093
8736.03	94.207
8863.09	94.238
8992.01	94.283
9122.80	94.356
9255.50	94.507
9390.12	94.791
9526.70	95.11
9665.27	95.355
9805.86	95.406
9948.49	95.177
10093.19	94.614
10240	93.751
10388.94	92.841
10540.06	91.932
10693.36	91.087
10848.90	90.295
11006.70	89.403
11166.80	88.271
11329.22	86.842
11494.01	85.33
11661.20	83.755
11830.81	82.41
12002.90	81.426
12177.48	80.714
12354.61	80.247
12534.31	80.098
12716.62	80.373
12901.59	81.142
13089.25	82.415
13279.64	84.024
13472.79	85.999
13668.76	88.107
13867.58	90.04
14069.29	91.422
14273.93	92.123
14481.55	92.249
14692.19	91.976
14905.89	91.319
15122.70	90.286
15342.66	88.971
15565.83	87.331
15792.24	85.359
16021.94	83.335
16254.99	81.57
16491.42	80.304
16731.29	79.507
16974.66	78.945
17221.56	78.691
17472.05	78.642
17726.19	78.968
17984.02	79.229
18245.61	79.632
18510.99	80.329
18780.24	81.409
19053.41	82.282
19330.55	83.158
19611.72	84.707
19896.97	86.481
20186.38	85.204
20480	84.804
20777.89	85.093
21080.11	85.865
21386.73	86.701
21697.80	87.271