9.857	95.833
10	95.855
10.145	95.883
10.293	95.917
10.443	95.956
10.595	95.997
10.749	96.038
10.905	96.081
11.064	96.124
11.225	96.167
11.388	96.211
11.554	96.253
11.722	96.294
11.892	96.333
12.065	96.371
12.241	96.407
12.419	96.442
12.599	96.476
12.782	96.51
12.968	96.545
13.157	96.58
13.348	96.616
13.543	96.651
13.74	96.687
13.939	96.722
14.142	96.755
14.348	96.785
14.557	96.812
14.768	96.836
14.983	96.858
15.201	96.878
15.422	96.898
15.646	96.92
15.874	96.943
16.105	96.969
16.339	96.997
16.577	97.028
16.818	97.058
17.063	97.088
17.311	97.115
17.563	97.139
17.818	97.16
18.077	97.178
18.34	97.195
18.607	97.211
18.877	97.228
19.152	97.246
19.431	97.263
19.713	97.282
20	97.3
20.291	97.318
20.586	97.337
20.885	97.356
21.189	97.374
21.497	97.393
21.81	97.41
22.127	97.426
22.449	97.44
22.776	97.454
23.107	97.467
23.443	97.481
23.784	97.495
24.13	97.508
24.481	97.521
24.837	97.533
25.198	97.543
25.565	97.554
25.937	97.566
26.314	97.58
26.697	97.594
27.085	97.604
27.479	97.615
27.879	97.622
28.284	97.628
28.696	97.634
29.113	97.64
29.537	97.648
29.966	97.659
30.402	97.675
30.844	97.693
31.293	97.711
31.748	97.728
32.21	97.746
32.678	97.762
33.154	97.777
33.636	97.794
34.125	97.816
34.621	97.847
35.125	97.884
35.636	97.925
36.154	97.967
36.68	98.005
37.214	98.031
37.755	98.043
38.304	98.054
38.861	98.061
39.427	98.064
40	98.065
40.582	98.07
41.172	98.07
41.771	98.071
42.379	98.074
42.995	98.083
43.62	98.095
44.255	98.111
44.898	98.135
45.552	98.164
46.214	98.197
46.886	98.23
47.568	98.266
48.26	98.306
48.962	98.346
49.674	98.385
50.397	98.424
51.13	98.459
51.874	98.495
52.628	98.531
53.394	98.57
54.17	98.613
54.958	98.664
55.758	98.718
56.569	98.763
57.391	98.797
58.226	98.83
59.073	98.858
59.932	98.888
60.804	98.932
61.688	98.984
62.586	99.033
63.496	99.069
64.42	99.093
65.357	99.121
66.307	99.148
67.272	99.169
68.25	99.192
69.243	99.215
70.25	99.248
71.272	99.279
72.309	99.314
73.36	99.352
74.427	99.391
75.51	99.423
76.608	99.451
77.723	99.477
78.853	99.507
80	99.539
81.164	99.57
82.344	99.601
83.542	99.631
84.757	99.664
85.99	99.703
87.241	99.752
88.51	99.822
89.797	99.891
91.103	99.962
92.428	100.035
93.773	100.11
95.137	100.181
96.52	100.25
97.924	100.318
99.349	100.375
100.794	100.408
102.26	100.432
103.747	100.459
105.256	100.483
106.787	100.505
108.34	100.525
109.916	100.543
111.515	100.558
113.137	100.577
114.783	100.598
116.452	100.624
118.146	100.66
119.865	100.685
121.608	100.713
123.377	100.74
125.171	100.767
126.992	100.792
128.839	100.82
130.713	100.849
132.615	100.876
134.543	100.899
136.5	100.92
138.486	100.932
140.5	100.929
142.544	100.914
144.617	100.908
146.721	100.916
148.855	100.92
151.02	100.913
153.217	100.891
155.445	100.868
157.706	100.844
160	100.816
162.327	100.786
164.688	100.754
167.084	100.723
169.514	100.692
171.98	100.654
174.481	100.61
177.019	100.562
179.594	100.505
182.206	100.439
184.856	100.37
187.545	100.314
190.273	100.265
193.041	100.212
195.849	100.164
198.697	100.119
201.587	100.071
204.52	100.017
207.494	99.968
210.512	99.925
213.574	99.883
216.681	99.841
219.833	99.801
223.03	99.763
226.274	99.719
229.565	99.669
232.905	99.619
236.292	99.564
239.729	99.504
243.216	99.441
246.754	99.388
250.343	99.336
253.984	99.28
257.678	99.229
261.426	99.181
265.229	99.129
269.087	99.068
273.001	99
276.972	98.929
281	98.861
285.088	98.793
289.234	98.724
293.441	98.656
297.709	98.588
302.04	98.516
306.433	98.436
310.89	98.354
315.412	98.272
320	98.189
324.655	98.103
329.377	98.011
334.168	97.914
339.028	97.814
343.959	97.713
348.962	97.605
354.038	97.493
359.188	97.378
364.412	97.251
369.713	97.124
375.09	96.998
380.546	96.864
386.081	96.726
391.697	96.585
397.394	96.437
403.175	96.285
409.039	96.134
414.989	95.986
421.025	95.839
427.149	95.69
433.362	95.543
439.665	95.398
446.06	95.257
452.548	95.117
459.131	94.976
465.809	94.839
472.584	94.705
479.458	94.576
486.432	94.451
493.507	94.324
500.686	94.198
507.968	94.071
515.357	93.942
522.853	93.806
530.458	93.669
538.174	93.53
546.002	93.39
553.943	93.251
562.001	93.11
570.175	92.961
578.469	92.802
586.883	92.636
595.419	92.459
604.08	92.27
612.866	92.085
621.78	91.939
630.824	91.801
640	91.641
649.309	91.478
658.753	91.311
668.335	91.15
678.056	90.99
687.919	90.832
697.925	90.684
708.077	90.553
718.376	90.427
728.825	90.312
739.426	90.205
750.181	90.101
761.093	89.998
772.163	89.899
783.394	89.807
794.789	89.724
806.349	89.652
818.078	89.591
829.977	89.543
842.05	89.506
854.298	89.48
866.724	89.462
879.33	89.455
892.12	89.451
905.097	89.449
918.262	89.454
931.618	89.469
945.169	89.488
958.917	89.509
972.864	89.53
987.015	89.558
1001.37	89.599
1015.94	89.651
1030.71	89.707
1045.71	89.767
1060.92	89.816
1076.35	89.847
1092.00	89.864
1107.89	89.871
1124.00	89.858
1140.35	89.825
1156.94	89.778
1173.77	89.722
1190.84	89.632
1208.16	89.54
1225.73	89.462
1243.56	89.378
1261.65	89.27
1280	89.145
1298.62	89.009
1317.51	88.863
1336.67	88.73
1356.11	88.626
1375.84	88.535
1395.85	88.441
1416.15	88.37
1436.75	88.316
1457.65	88.285
1478.85	88.282
1500.36	88.302
1522.19	88.327
1544.33	88.359
1566.79	88.397
1589.58	88.435
1612.70	88.459
1636.16	88.448
1659.96	88.412
1684.10	88.358
1708.60	88.302
1733.45	88.241
1758.66	88.164
1784.24	88.074
1810.19	87.978
1836.52	87.88
1863.24	87.792
1890.34	87.717
1917.83	87.654
1945.73	87.597
1974.03	87.551
2002.74	87.523
2031.87	87.539
2061.43	87.578
2091.41	87.613
2121.83	87.636
2152.70	87.642
2184.01	87.707
2215.77	87.769
2248.00	87.743
2280.70	87.66
2313.87	87.564
2347.53	87.48
2381.68	87.442
2416.32	87.458
2451.46	87.503
2487.12	87.557
2523.30	87.628
2560	87.662
2597.24	87.656
2635.01	87.636
2673.34	87.619
2712.23	87.613
2751.68	87.633
2791.70	87.706
2832.31	87.875
2873.50	88.107
2915.30	88.373
2957.70	88.676
3000.72	89.013
3044.37	89.351
3088.65	89.661
3133.58	89.924
3179.16	90.139
3225.40	90.326
3272.31	90.484
3319.91	90.645
3368.20	90.831
3417.19	91.036
3466.89	91.233
3517.32	91.4
3568.48	91.517
3620.39	91.585
3673.05	91.612
3726.47	91.623
3780.68	91.65
3835.67	91.718
3891.46	91.827
3948.06	91.971
4005.49	92.149
4063.75	92.376
4122.86	92.645
4182.82	92.903
4243.66	93.124
4305.39	93.304
4368.01	93.435
4431.55	93.508
4496.01	93.515
4561.40	93.455
4627.75	93.333
4695.06	93.166
4763.35	92.975
4832.64	92.788
4902.93	92.631
4974.24	92.495
5046.60	92.374
5120	92.286
5194.47	92.26
5270.03	92.305
5346.68	92.418
5424.45	92.589
5503.35	92.799
5583.40	93.047
5664.61	93.352
5747.01	93.741
5830.60	94.22
5915.41	94.785
6001.45	95.422
6088.74	96.138
6177.30	96.865
6267.15	97.568
6358.31	98.2
6450.80	98.713
6544.63	99.084
6639.82	99.311
6736.40	99.407
6834.38	99.371
6933.79	99.196
7034.64	98.908
7136.96	98.564
7240.77	98.193
7346.09	97.778
7452.94	97.34
7561.35	96.907
7671.33	96.504
7782.91	96.178
7896.12	95.931
8010.97	95.688
8127.49	95.501
8245.71	95.416
8365.65	95.458
8487.33	95.56
8610.78	95.775
8736.03	96.091
8863.09	96.562
8992.01	97.192
9122.80	97.879
9255.50	98.605
9390.12	99.385
9526.70	100.154
9665.27	100.835
9805.86	101.353
9948.49	101.633
10093.19	101.554
10240	101.093
10388.94	100.33
10540.06	99.317
10693.36	98.085
10848.90	96.659
11006.70	95.053
11166.80	93.291
11329.22	91.366
11494.01	89.51
11661.20	87.914
11830.81	86.646
12002.90	85.734
12177.48	85.142
12354.61	84.942
12534.31	85.21
12716.62	85.809
12901.59	86.715
13089.25	87.91
13279.64	89.379
13472.79	91.082
13668.76	92.975
13867.58	94.933
14069.29	96.748
14273.93	98.147
14481.55	98.851
14692.19	98.76
14905.89	97.829
15122.70	96.22
15342.66	94.256
15565.83	92.087
15792.24	89.834
16021.94	87.782
16254.99	86.109
16491.42	84.784
16731.29	83.682
16974.66	82.767
17221.56	82.309
17472.05	82.264
17726.19	82.627
17984.02	83.223
18245.61	84.119
18510.99	85.266
18780.24	86.676
19053.41	88.207
19330.55	90.1
19611.72	91.918
19896.97	93.767
20186.38	92.522
20480	91.241
20777.89	89.939
21080.11	88.657
21386.73	87.486
21697.80	86.471
	
	
	
	
	
	
	
	
	
	
	
	
	
	
	
	
	
	
	
	
	
	
	
	
	
	
	
	
	
	
	
	
	
	
	
	
	
	
	
	
	
	
	
	
	
	
	
	
	
	
	
	
	
	
	
	
	
	
	
	
	
	
	
	
	
	
	
	
	
	
	
	
	
	
	
	
	
	
	
	
	
	
	
	
	
	
	
	
	
	
	
	
	
	
	
	
	
	
	
	
	
	
	
	
	
	
	
	
	
	
	
	
	
	
	
	
	
	
	
	
	
	
	
	
	
	
	
	
	
	
	
	
	
	
	
	
	
	
	
	
	
	
	
	
	
	
	
	
	
	
	
	
	
	
	
	
	
	
	
	
	
	
	
	
	
	
	
	
	
	
	
	
	
	
	
	
	
	
	
	
	
	
	
	
	
	
	
	
	
	
	
	
	
	
	
	
	
	
	
	
	
	
	
	
	
	
	
	
	
	
	
	
	
	
	
	
	
	
	
	
	
	
	
	
	
	
	
	
	
	
	
	
	
	
	
	
	
	
	
	
	
	
	
	
	
	
	
	
	
	
	
	
	
	
	
	
	
	
	
	
	
	
	
	
	
	
	
	
	
	
	
	
	
	
	
	
	
	
	
	
	
	
	
	
	
	
	
	
	
	
	
	
	
	
	
	
	
	
	
	
	
	
	
	
	
	
	
	
	
	
	
	
	
	
	
	
	
	
	
	
	
	
	
	
	
	
	
	
	
	
	
	
	
	
	
	
	
	
	
	
	
	
	
	
	
	
	
	
	
	
	
	
	
	
	
	
	
	
	
	
	
	
	
	
	
	
	
	
	
	
	
	
	
	
	
	
	
	
	
	
	
	
	
	
	
	
	
	
	
	
	
	
	
	
	
	
	
	
	
	
	
	
	
	
	
	
	
	
	
	
	
	
	
	
	
	
	
	
	
	
	
	
	
	
	
	
	
	
	
	
	
	
	
	
	
	
	
	
	
	
	
	
	
	
	
	
	
	
	
	
	
	
	
	
	
	
	
	
	
	
	
	
	
	
	
	