* Measurement data for Tipsy TG4 (Switch Position 1)
* Source: tg4.xlsx (manufacturer plot, embedded PNG "image2.png", sheet label "TG4-1档")
* Method: curve digitised from the plotted trace; axes calibrated on chart gridlines
*  X: 20 Hz at 65 px, 569 px/decade   Y: 130 dB at 33 px, 15.8667 px/dB
*  Trace resolution ~0.063 dB/px, ~0.0058 octave/px
* Format: Tab delimited data
* Note: raw uncompensated SPL as plotted [dB re 20u Pa]. Coupler/rig not stated by
*  the manufacturer; treat absolute level as arbitrary and normalise before use.
* Note: usable trace ends at 15907 Hz; the vertical pen-drop above that is the
*  end of the sweep, not response, and has been removed.
* Measurement: Tipsy TG4 (Switch Position 1)
* Frequency Step: 96 ppo
* Start Frequency: 20.0 Hz
*
* Freq(Hz) SPL(dB)
20.000000	110.814
20.144928	110.823
20.290907	110.840
20.437943	110.864
20.586045	110.893
20.735220	110.925
20.885476	110.958
21.036820	110.988
21.189262	111.017
21.342808	111.043
21.497467	111.066
21.653246	111.090
21.810155	111.116
21.968200	111.142
22.127391	111.168
22.287735	111.191
22.449241	111.215
22.611917	111.240
22.775773	111.267
22.940815	111.292
23.107054	111.316
23.274497	111.340
23.443154	111.365
23.613033	111.390
23.784142	111.413
23.956492	111.431
24.130091	111.446
24.304947	111.463
24.481071	111.481
24.658471	111.497
24.837156	111.511
25.017137	111.529
25.198421	111.549
25.381019	111.571
25.564940	111.595
25.750195	111.620
25.936791	111.647
26.124740	111.672
26.314050	111.696
26.504733	111.717
26.696797	111.734
26.890253	111.746
27.085111	111.752
27.281381	111.754
27.479073	111.756
27.678198	111.760
27.878765	111.770
28.080786	111.785
28.284271	111.803
28.489231	111.822
28.695675	111.841
28.903616	111.863
29.113064	111.885
29.324029	111.906
29.536523	111.926
29.750557	111.944
29.966142	111.962
30.183289	111.980
30.402009	111.995
30.622315	112.003
30.844217	112.006
31.067726	112.010
31.292856	112.019
31.519617	112.033
31.748021	112.049
31.978080	112.061
32.209807	112.067
32.443212	112.069
32.678309	112.070
32.915110	112.072
33.153626	112.077
33.393871	112.089
33.635857	112.105
33.879596	112.121
34.125101	112.136
34.372386	112.152
34.621462	112.169
34.872344	112.184
35.125043	112.197
35.379574	112.209
35.635949	112.225
35.894182	112.240
36.154286	112.251
36.416274	112.256
36.680162	112.258
36.945961	112.258
37.213687	112.258
37.483353	112.258
37.754973	112.258
38.028561	112.258
38.304131	112.258
38.581699	112.258
38.861278	112.259
39.142882	112.259
39.426528	112.262
39.712229	112.270
40.000000	112.284
40.289856	112.300
40.581813	112.313
40.875886	112.319
41.172089	112.321
41.470439	112.322
41.770951	112.323
42.073641	112.329
42.378524	112.340
42.685616	112.356
42.994934	112.370
43.306493	112.379
43.620309	112.383
43.936400	112.384
44.254781	112.384
44.575470	112.384
44.898482	112.384
45.223835	112.384
45.551545	112.384
45.881631	112.384
46.214108	112.384
46.548994	112.384
46.886308	112.384
47.226065	112.384
47.568285	112.384
47.912984	112.384
48.260181	112.384
48.609894	112.384
48.962142	112.384
49.316942	112.384
49.674312	112.384
50.034273	112.384
50.396842	112.384
50.762038	112.384
51.129881	112.384
51.500389	112.384
51.873582	112.384
52.249480	112.382
52.628101	112.376
53.009466	112.364
53.393594	112.347
53.780506	112.333
54.170222	112.325
54.562762	112.322
54.958146	112.322
55.356395	112.321
55.757531	112.321
56.161573	112.321
56.568542	112.321
56.978461	112.321
57.391351	112.321
57.807232	112.321
58.226127	112.321
58.648058	112.321
59.073046	112.318
59.501113	112.310
59.932283	112.297
60.366577	112.280
60.804018	112.267
61.244629	112.261
61.688433	112.258
62.135453	112.253
62.585712	112.244
63.039234	112.229
63.496042	112.214
63.956161	112.203
64.419613	112.197
64.886424	112.196
65.356618	112.195
65.830219	112.193
66.307252	112.187
66.787742	112.174
67.271713	112.158
67.759192	112.144
68.250203	112.136
68.744772	112.133
69.242925	112.132
69.744688	112.131
70.250086	112.126
70.759147	112.116
71.271897	112.101
71.788363	112.086
72.308571	112.075
72.832549	112.071
73.360323	112.068
73.891923	112.065
74.427374	112.056
74.966705	112.042
75.509945	112.026
76.057121	112.012
76.608262	112.001
77.163398	111.987
77.722555	111.971
78.285765	111.956
78.853056	111.943
79.424458	111.931
80.000000	111.915
80.579713	111.898
81.163627	111.883
81.751772	111.868
82.344179	111.852
82.940879	111.835
83.541903	111.822
84.147282	111.811
84.757048	111.797
85.371232	111.780
85.989867	111.766
86.612985	111.758
87.240619	111.755
87.872800	111.754
88.509563	111.751
89.150939	111.744
89.796964	111.731
90.447670	111.713
91.103091	111.697
91.763261	111.683
92.428216	111.666
93.097989	111.649
93.772615	111.633
94.452130	111.618
95.136569	111.602
95.825968	111.583
96.520362	111.565
97.219789	111.547
97.924283	111.528
98.633883	111.509
99.348625	111.491
100.068546	111.472
100.793684	111.455
101.524077	111.439
102.259762	111.424
103.000778	111.408
103.747164	111.392
104.498959	111.379
105.256202	111.367
106.018931	111.352
106.787188	111.334
107.561012	111.315
108.340444	111.297
109.125523	111.279
109.916292	111.262
110.712791	111.247
111.515061	111.232
112.323145	111.214
113.137085	111.195
113.956923	111.177
114.782702	111.158
115.614465	111.140
116.452255	111.125
117.296116	111.110
118.146092	111.091
119.002227	111.070
119.864566	111.048
120.733154	111.023
121.608036	110.997
122.489258	110.971
123.376866	110.947
124.270906	110.924
125.171424	110.903
126.078468	110.885
126.992084	110.870
127.912321	110.855
128.839227	110.837
129.772849	110.821
130.713236	110.806
131.660438	110.790
132.614504	110.771
133.575483	110.749
134.543426	110.726
135.518384	110.701
136.500406	110.674
137.489544	110.649
138.485850	110.625
139.489375	110.603
140.500173	110.581
141.518295	110.562
142.543795	110.543
143.576726	110.523
144.617142	110.502
145.665098	110.480
146.720647	110.459
147.783845	110.439
148.854748	110.420
149.933411	110.400
151.019890	110.379
152.114242	110.357
153.216525	110.336
154.326795	110.316
155.445111	110.297
156.571530	110.277
157.706112	110.256
158.848915	110.234
160.000000	110.212
161.159426	110.189
162.327254	110.167
163.503544	110.145
164.688358	110.123
165.881758	110.100
167.083805	110.078
168.294563	110.055
169.514095	110.032
170.742464	110.009
171.979734	109.986
173.225970	109.962
174.481237	109.937
175.745600	109.911
177.019125	109.886
178.301879	109.862
179.593928	109.839
180.895339	109.816
182.206182	109.793
183.526523	109.769
184.856431	109.744
186.195977	109.717
187.545230	109.692
188.904260	109.669
190.273138	109.647
191.651936	109.628
193.040725	109.609
194.439578	109.591
195.848567	109.571
197.267766	109.552
198.697250	109.534
200.137092	109.514
201.587368	109.493
203.048153	109.470
204.519524	109.448
206.001557	109.425
207.494329	109.403
208.997918	109.380
210.512403	109.356
212.037863	109.333
213.574377	109.308
215.122025	109.282
216.680888	109.256
218.251047	109.232
219.832584	109.208
221.425581	109.183
223.030122	109.157
224.646290	109.133
226.274170	109.113
227.913846	109.094
229.565404	109.076
231.228929	109.058
232.904509	109.043
234.592231	109.027
236.292183	109.009
238.004454	108.988
239.729132	108.965
241.466308	108.940
243.216073	108.913
244.978517	108.888
246.753732	108.864
248.541811	108.841
250.342848	108.818
252.156935	108.796
253.984168	108.773
255.824642	108.750
257.678453	108.727
259.545697	108.704
261.426473	108.682
263.320877	108.659
265.229008	108.635
267.150967	108.609
269.086853	108.583
271.036767	108.558
273.000811	108.534
274.979088	108.510
276.971700	108.485
278.978751	108.459
281.000346	108.435
283.036590	108.415
285.087590	108.397
287.153452	108.377
289.234284	108.356
291.330195	108.334
293.441294	108.313
295.567690	108.293
297.709496	108.274
299.866821	108.255
302.039780	108.236
304.228485	108.218
306.433050	108.199
308.653590	108.180
310.890221	108.162
313.143060	108.144
315.412224	108.126
317.697831	108.110
320.000000	108.098
322.318852	108.085
324.654507	108.070
327.007088	108.054
329.376716	108.041
331.763515	108.029
334.167610	108.015
336.589127	107.998
339.028190	107.982
341.484928	107.968
343.959469	107.952
346.451941	107.934
348.962474	107.918
351.491200	107.903
354.038251	107.887
356.603758	107.868
359.187855	107.849
361.790679	107.831
364.412363	107.813
367.053045	107.796
369.712863	107.781
372.391955	107.766
375.090460	107.749
377.808521	107.733
380.546277	107.721
383.303872	107.709
386.081450	107.693
388.879155	107.677
391.697134	107.663
394.535533	107.652
397.394500	107.638
400.274184	107.622
403.174736	107.606
406.096306	107.591
409.039048	107.575
412.003113	107.558
414.988657	107.543
417.995836	107.530
421.024807	107.518
424.075726	107.502
427.148753	107.487
430.244049	107.476
433.361775	107.470
436.502093	107.469
439.665167	107.467
442.851162	107.462
446.060244	107.452
449.292581	107.437
452.548340	107.420
455.827692	107.405
459.130807	107.390
462.457858	107.373
465.809019	107.356
469.184463	107.341
472.584367	107.326
476.008908	107.309
479.458265	107.294
482.932617	107.285
486.432146	107.281
489.957033	107.280
493.507464	107.279
497.083623	107.279
500.685695	107.279
504.313870	107.279
507.968337	107.279
511.649285	107.279
515.356906	107.279
519.091395	107.278
522.852945	107.273
526.641753	107.263
530.458016	107.248
534.301934	107.233
538.173706	107.222
542.073534	107.218
546.001623	107.216
549.958175	107.212
553.943399	107.203
557.957501	107.189
562.000691	107.173
566.073180	107.161
570.175180	107.156
574.306904	107.154
578.468569	107.153
582.660390	107.153
586.882588	107.153
591.135381	107.153
595.418991	107.153
599.733643	107.153
604.079560	107.153
608.456970	107.153
612.866100	107.153
617.307180	107.153
621.780442	107.153
626.286120	107.153
630.824447	107.153
635.395661	107.153
640.000000	107.153
644.637704	107.153
649.309014	107.153
654.014175	107.153
658.753431	107.153
663.527030	107.154
668.335221	107.154
673.178253	107.158
678.056380	107.167
682.969856	107.183
687.918938	107.206
692.903882	107.231
697.924949	107.254
702.982401	107.271
708.076501	107.279
713.207515	107.281
718.375711	107.281
723.581357	107.280
728.824726	107.279
734.106091	107.278
739.425726	107.274
744.783910	107.265
750.180921	107.250
755.617041	107.234
761.092554	107.221
766.607744	107.210
772.162900	107.196
777.758310	107.180
783.394268	107.166
789.071066	107.158
794.789000	107.154
800.548368	107.154
806.349472	107.155
812.192613	107.159
818.078095	107.169
824.006226	107.184
829.977315	107.201
835.991673	107.216
842.049613	107.231
848.151452	107.248
854.297507	107.265
860.488099	107.280
866.723550	107.295
873.004186	107.312
879.330334	107.328
885.702324	107.341
892.120489	107.353
898.585161	107.370
905.096680	107.393
911.655384	107.418
918.261614	107.443
924.915716	107.467
931.618037	107.492
938.368925	107.518
945.168733	107.547
952.017816	107.579
958.916529	107.614
965.865234	107.649
972.864291	107.684
979.914067	107.716
987.014928	107.748
994.167245	107.781
1001.371391	107.817
1008.627741	107.854
1015.936673	107.893
1023.298569	107.935
1030.713812	107.978
1038.182790	108.021
1045.705890	108.062
1053.283506	108.099
1060.916032	108.137
1068.603867	108.175
1076.347412	108.215
1084.147069	108.257
1092.003245	108.300
1099.916351	108.342
1107.886798	108.383
1115.915003	108.424
1124.001383	108.467
1132.146360	108.511
1140.350359	108.556
1148.613808	108.601
1156.937137	108.647
1165.320781	108.692
1173.765175	108.737
1182.270762	108.780
1190.837983	108.820
1199.467286	108.858
1208.159120	108.896
1216.913939	108.934
1225.732199	108.972
1234.614360	109.009
1243.560885	109.046
1252.572239	109.083
1261.648894	109.121
1270.791322	109.158
1280.000000	109.192
1289.275408	109.225
1298.618029	109.257
1308.028350	109.289
1317.506863	109.319
1327.054061	109.346
1336.670442	109.370
1346.356507	109.393
1356.112761	109.415
1365.939713	109.438
1375.837875	109.460
1385.807763	109.483
1395.849898	109.507
1405.964802	109.532
1416.153002	109.560
1426.415031	109.587
1436.751422	109.615
1447.162715	109.641
1457.649452	109.665
1468.212181	109.689
1478.851452	109.714
1489.567819	109.742
1500.361842	109.773
1511.234082	109.807
1522.185107	109.842
1533.215488	109.877
1544.325799	109.910
1555.516621	109.942
1566.788535	109.976
1578.142131	110.011
1589.577999	110.048
1601.096737	110.085
1612.698944	110.122
1624.385225	110.159
1636.156190	110.197
1648.012452	110.235
1659.954630	110.272
1671.983345	110.310
1684.099226	110.348
1696.302903	110.390
1708.595013	110.434
1720.976197	110.480
1733.447100	110.526
1746.008372	110.574
1758.660669	110.623
1771.404649	110.672
1784.240977	110.719
1797.170323	110.769
1810.193360	110.823
1823.310767	110.881
1836.523229	110.942
1849.831433	111.006
1863.236074	111.070
1876.737851	111.131
1890.337467	111.192
1904.035631	111.256
1917.833058	111.323
1931.730467	111.394
1945.728583	111.464
1959.828134	111.533
1974.029857	111.602
1988.334491	111.674
2002.742782	111.750
2017.255482	111.830
2031.873347	111.916
2046.597138	112.004
2061.427625	112.094
2076.365579	112.184
2091.411780	112.273
2106.567012	112.360
2121.832065	112.446
2137.207735	112.533
2152.694823	112.622
2168.294137	112.712
2184.006490	112.801
2199.832702	112.890
2215.773596	112.979
2231.830005	113.066
2248.002765	113.152
2264.292720	113.239
2280.700718	113.328
2297.227616	113.416
2313.874274	113.503
2330.641561	113.588
2347.530351	113.673
2364.541523	113.758
2381.675966	113.845
2398.934572	113.933
2416.318240	114.023
2433.827878	114.112
2451.464399	114.201
2469.228720	114.287
2487.121769	114.365
2505.144479	114.434
2523.297789	114.493
2541.582644	114.544
2560.000000	114.594
2578.550815	114.643
2597.236057	114.691
2616.056701	114.736
2635.013726	114.777
2654.108121	114.810
2673.340883	114.830
2692.713013	114.839
2712.225522	114.842
2731.879426	114.841
2751.675750	114.837
2771.615527	114.826
2791.699796	114.802
2811.929603	114.763
2832.306004	114.714
2852.830061	114.658
2873.502844	114.597
2894.325430	114.534
2915.298905	114.470
2936.424363	114.407
2957.702904	114.345
2979.135638	114.277
3000.723683	114.198
3022.468164	114.105
3044.370214	114.000
3066.430976	113.890
3088.651599	113.778
3111.033242	113.665
3133.577071	113.553
3156.284262	113.440
3179.155999	113.325
3202.193474	113.206
3225.397888	113.080
3248.770450	112.951
3272.312380	112.825
3296.024905	112.706
3319.909260	112.591
3343.966691	112.478
3368.198452	112.365
3392.605806	112.253
3417.190027	112.140
3441.952394	112.028
3466.894200	111.916
3492.016745	111.805
3517.321337	111.697
3542.809298	111.596
3568.481954	111.500
3594.340646	111.408
3620.386720	111.318
3646.621534	111.228
3673.046457	111.138
3699.662866	111.051
3726.472148	110.969
3753.475701	110.891
3780.674934	110.816
3808.071263	110.741
3835.666117	110.669
3863.460935	110.599
3891.457165	110.530
3919.656268	110.460
3948.059713	110.391
3976.668981	110.324
4005.485564	110.263
4034.510963	110.210
4063.746693	110.163
4093.194277	110.116
4122.855250	110.071
4152.731158	110.025
4182.823560	109.980
4213.134024	109.932
4243.664130	109.882
4274.415470	109.823
4305.389646	109.757
4336.588274	109.684
4368.012981	109.610
4399.665403	109.535
4431.547192	109.463
4463.660010	109.397
4496.005531	109.340
4528.585440	109.293
4561.401437	109.252
4594.455232	109.216
4627.748549	109.184
4661.283122	109.156
4695.060701	109.134
4729.083046	109.121
4763.351932	109.122
4797.869143	109.134
4832.636481	109.154
4867.655757	109.175
4902.928797	109.194
4938.457440	109.207
4974.243539	109.202
5010.288958	109.172
5046.595577	109.116
5083.165289	109.039
5120.000000	108.953
5157.101631	108.863
5194.472115	108.767
5232.113401	108.656
5270.027452	108.515
5308.216243	108.334
5346.681766	108.116
5385.426026	107.873
5424.451043	107.619
5463.758851	107.362
5503.351500	107.104
5543.231054	106.839
5583.399591	106.564
5623.859206	106.275
5664.612008	105.973
5705.660122	105.666
5747.005687	105.358
5788.650860	105.051
5830.597810	104.744
5872.848725	104.438
5915.405808	104.136
5958.271277	103.848
6001.447367	103.583
6044.936328	103.339
6088.740429	103.108
6132.861952	102.883
6177.303198	102.664
6222.066483	102.462
6267.154142	102.291
6312.568524	102.161
6358.311998	102.068
6404.386948	101.994
6450.795775	101.928
6497.540901	101.863
6544.624761	101.804
6592.049809	101.754
6639.818520	101.722
6687.933382	101.717
6736.396904	101.742
6785.211613	101.789
6834.380053	101.848
6883.904789	101.910
6933.788400	101.974
6984.033489	102.036
7034.642675	102.091
7085.618596	102.132
7136.963909	102.158
7188.681291	102.169
7240.773439	102.173
7293.243069	102.174
7346.092914	102.173
7399.325732	102.166
7452.944296	102.145
7506.951403	102.104
7561.349867	102.039
7616.142525	101.957
7671.332234	101.864
7726.921869	101.765
7782.914330	101.665
7839.312536	101.568
7896.119426	101.473
7953.337962	101.376
8010.971128	101.279
8069.021927	101.184
8127.493386	101.092
8186.388553	101.002
8245.710500	100.912
8305.462317	100.824
8365.647121	100.743
8426.268048	100.678
8487.328260	100.636
8548.830939	100.619
8610.779292	100.624
8673.176549	100.642
8736.025961	100.667
8799.330806	100.695
8863.094385	100.728
8927.320020	100.779
8992.011061	100.861
9057.170880	100.977
9122.802874	101.118
9188.910464	101.269
9255.497097	101.425
9322.566244	101.585
9390.121402	101.760
9458.166093	101.960
9526.703863	102.189
9595.738287	102.442
9665.272962	102.709
9735.311514	102.986
9805.857594	103.272
9876.914881	103.571
9948.487077	103.892
10020.577916	104.241
10093.191154	104.617
10166.330578	105.012
10240.000000	105.417
10314.203261	105.824
10388.944230	106.219
10464.226802	106.578
10540.054903	106.871
10616.432486	107.079
10693.363532	107.213
10770.852052	107.302
10848.902086	107.370
10927.517703	107.429
11006.703001	107.469
11086.462108	107.458
11166.799182	107.362
11247.718413	107.168
11329.224017	106.895
11411.320244	106.579
11494.011375	106.248
11577.301719	105.917
11661.195620	105.595
11745.697450	105.292
11830.811616	105.015
11916.542554	104.760
12002.894734	104.515
12089.872657	104.272
12177.480858	104.030
12265.723904	103.790
12354.606395	103.549
12444.132966	103.303
12534.308283	103.050
12625.137048	102.794
12716.623996	102.535
12808.773895	102.272
12901.591551	101.999
12995.081802	101.699
13089.249521	101.348
13184.099619	100.925
13279.637040	100.435
13375.866764	99.900
13472.793808	99.344
13570.423226	98.783
13668.760107	98.220
13767.809577	97.658
13867.576801	97.102
13968.066979	96.557
14069.285350	96.028
14171.237191	95.514
14273.927818	95.008
14377.362583	94.506
14481.546879	94.005
14586.486137	93.503
14692.185828	93.005
14798.651463	92.527
14905.888592	92.094
15013.902806	91.722
15122.699734	91.410
15232.285051	91.136
15342.664467	90.880
15453.843739	90.627
15565.828661	90.374
15678.625072	90.123
15792.238852	89.888
15906.675925	89.702
