* Measurement data for Tipsy TG4 (Switch ON)
* Source: tg4.xlsx (manufacturer plot, embedded PNG "image1.png", sheet label "TG4-ON")
* Method: curve digitised from the plotted trace; axes calibrated on chart gridlines
*  X: 20 Hz at 65 px, 569 px/decade   Y: 130 dB at 33 px, 15.8667 px/dB
*  Trace resolution ~0.063 dB/px, ~0.0058 octave/px
* Format: Tab delimited data
* Note: raw uncompensated SPL as plotted [dB re 20u Pa]. Coupler/rig not stated by
*  the manufacturer; treat absolute level as arbitrary and normalise before use.
* Note: usable trace ends at 15907 Hz; the vertical pen-drop above that is the
*  end of the sweep, not response, and has been removed.
* Measurement: Tipsy TG4 (Switch ON)
* Frequency Step: 96 ppo
* Start Frequency: 20.0 Hz
*
* Freq(Hz) SPL(dB)
20.000000	110.814
20.144928	110.823
20.290907	110.840
20.437943	110.864
20.586045	110.893
20.735220	110.925
20.885476	110.958
21.036820	110.988
21.189262	111.017
21.342808	111.043
21.497467	111.066
21.653246	111.090
21.810155	111.116
21.968200	111.142
22.127391	111.168
22.287735	111.191
22.449241	111.215
22.611917	111.240
22.775773	111.267
22.940815	111.292
23.107054	111.316
23.274497	111.340
23.443154	111.365
23.613033	111.390
23.784142	111.413
23.956492	111.431
24.130091	111.446
24.304947	111.463
24.481071	111.481
24.658471	111.497
24.837156	111.511
25.017137	111.527
25.198421	111.545
25.381019	111.561
25.564940	111.575
25.750195	111.592
25.936791	111.609
26.124740	111.625
26.314050	111.640
26.504733	111.656
26.696797	111.673
26.890253	111.689
27.085111	111.704
27.281381	111.720
27.479073	111.737
27.678198	111.753
27.878765	111.768
28.080786	111.785
28.284271	111.803
28.489231	111.822
28.695675	111.841
28.903616	111.863
29.113064	111.885
29.324029	111.906
29.536523	111.926
29.750557	111.944
29.966142	111.962
30.183289	111.980
30.402009	111.995
30.622315	112.003
30.844217	112.006
31.067726	112.010
31.292856	112.019
31.519617	112.033
31.748021	112.049
31.978080	112.061
32.209807	112.067
32.443212	112.069
32.678309	112.070
32.915110	112.072
33.153626	112.077
33.393871	112.089
33.635857	112.105
33.879596	112.119
34.125101	112.128
34.372386	112.131
34.621462	112.132
34.872344	112.134
35.125043	112.138
35.379574	112.147
35.635949	112.162
35.894182	112.177
36.154286	112.188
36.416274	112.194
36.680162	112.196
36.945961	112.199
37.213687	112.207
37.483353	112.220
37.754973	112.237
38.028561	112.249
38.304131	112.256
38.581699	112.258
38.861278	112.258
39.142882	112.259
39.426528	112.262
39.712229	112.270
40.000000	112.284
40.289856	112.300
40.581813	112.313
40.875886	112.319
41.172089	112.321
41.470439	112.321
41.770951	112.321
42.073641	112.321
42.378524	112.321
42.685616	112.321
42.994934	112.321
43.306493	112.321
43.620309	112.321
43.936400	112.322
44.254781	112.324
44.575470	112.330
44.898482	112.342
45.223835	112.358
45.551545	112.372
45.881631	112.380
46.214108	112.383
46.548994	112.384
46.886308	112.384
47.226065	112.384
47.568285	112.384
47.912984	112.384
48.260181	112.384
48.609894	112.384
48.962142	112.383
49.316942	112.380
49.674312	112.371
50.034273	112.356
50.396842	112.341
50.762038	112.329
51.129881	112.324
51.500389	112.322
51.873582	112.321
52.249480	112.321
52.628101	112.321
53.009466	112.321
53.393594	112.321
53.780506	112.321
54.170222	112.321
54.562762	112.321
54.958146	112.320
55.356395	112.315
55.757531	112.304
56.161573	112.289
56.568542	112.274
56.978461	112.264
57.391351	112.260
57.807232	112.259
58.226127	112.258
58.648058	112.258
59.073046	112.258
59.501113	112.258
59.932283	112.258
60.366577	112.258
60.804018	112.258
61.244629	112.258
61.688433	112.257
62.135453	112.253
62.585712	112.244
63.039234	112.229
63.496042	112.214
63.956161	112.203
64.419613	112.197
64.886424	112.196
65.356618	112.195
65.830219	112.193
66.307252	112.187
66.787742	112.174
67.271713	112.158
67.759192	112.144
68.250203	112.136
68.744772	112.133
69.242925	112.132
69.744688	112.131
70.250086	112.126
70.759147	112.116
71.271897	112.100
71.788363	112.081
72.308571	112.063
72.832549	112.044
73.360323	112.026
73.891923	112.010
74.427374	111.996
74.966705	111.979
75.509945	111.963
76.057121	111.951
76.608262	111.946
77.163398	111.944
77.722555	111.943
78.285765	111.942
78.853056	111.938
79.424458	111.930
80.000000	111.915
80.579713	111.898
81.163627	111.883
81.751772	111.868
82.344179	111.852
82.940879	111.835
83.541903	111.822
84.147282	111.811
84.757048	111.797
85.371232	111.780
85.989867	111.766
86.612985	111.758
87.240619	111.755
87.872800	111.754
88.509563	111.751
89.150939	111.744
89.796964	111.731
90.447670	111.713
91.103091	111.697
91.763261	111.683
92.428216	111.666
93.097989	111.649
93.772615	111.633
94.452130	111.618
95.136569	111.602
95.825968	111.583
96.520362	111.565
97.219789	111.547
97.924283	111.528
98.633883	111.509
99.348625	111.491
100.068546	111.472
100.793684	111.455
101.524077	111.439
102.259762	111.424
103.000778	111.408
103.747164	111.392
104.498959	111.379
105.256202	111.367
106.018931	111.352
106.787188	111.334
107.561012	111.315
108.340444	111.297
109.125523	111.279
109.916292	111.262
110.712791	111.247
111.515061	111.232
112.323145	111.214
113.137085	111.195
113.956923	111.177
114.782702	111.158
115.614465	111.140
116.452255	111.125
117.296116	111.110
118.146092	111.091
119.002227	111.070
119.864566	111.048
120.733154	111.023
121.608036	110.997
122.489258	110.971
123.376866	110.947
124.270906	110.924
125.171424	110.903
126.078468	110.885
126.992084	110.870
127.912321	110.855
128.839227	110.837
129.772849	110.821
130.713236	110.806
131.660438	110.790
132.614504	110.771
133.575483	110.749
134.543426	110.726
135.518384	110.701
136.500406	110.674
137.489544	110.649
138.485850	110.625
139.489375	110.603
140.500173	110.581
141.518295	110.562
142.543795	110.543
143.576726	110.523
144.617142	110.502
145.665098	110.480
146.720647	110.459
147.783845	110.439
148.854748	110.420
149.933411	110.400
151.019890	110.379
152.114242	110.357
153.216525	110.336
154.326795	110.316
155.445111	110.297
156.571530	110.277
157.706112	110.256
158.848915	110.234
160.000000	110.212
161.159426	110.189
162.327254	110.167
163.503544	110.145
164.688358	110.123
165.881758	110.100
167.083805	110.078
168.294563	110.055
169.514095	110.032
170.742464	110.009
171.979734	109.986
173.225970	109.962
174.481237	109.937
175.745600	109.911
177.019125	109.886
178.301879	109.862
179.593928	109.839
180.895339	109.816
182.206182	109.793
183.526523	109.769
184.856431	109.744
186.195977	109.717
187.545230	109.692
188.904260	109.669
190.273138	109.647
191.651936	109.628
193.040725	109.609
194.439578	109.591
195.848567	109.571
197.267766	109.552
198.697250	109.534
200.137092	109.514
201.587368	109.493
203.048153	109.470
204.519524	109.448
206.001557	109.425
207.494329	109.403
208.997918	109.380
210.512403	109.356
212.037863	109.333
213.574377	109.308
215.122025	109.282
216.680888	109.256
218.251047	109.232
219.832584	109.208
221.425581	109.183
223.030122	109.155
224.646290	109.128
226.274170	109.100
227.913846	109.075
229.565404	109.051
231.228929	109.027
232.904509	109.002
234.592231	108.975
236.292183	108.950
238.004454	108.926
239.729132	108.902
241.466308	108.877
243.216073	108.850
244.978517	108.825
246.753732	108.801
248.541811	108.778
250.342848	108.758
252.156935	108.740
253.984168	108.725
255.824642	108.710
257.678453	108.692
259.545697	108.677
261.426473	108.665
263.320877	108.651
265.229008	108.633
267.150967	108.609
269.086853	108.583
271.036767	108.558
273.000811	108.534
274.979088	108.510
276.971700	108.485
278.978751	108.459
281.000346	108.435
283.036590	108.415
285.087590	108.397
287.153452	108.377
289.234284	108.356
291.330195	108.334
293.441294	108.313
295.567690	108.293
297.709496	108.274
299.866821	108.255
302.039780	108.236
304.228485	108.218
306.433050	108.199
308.653590	108.180
310.890221	108.162
313.143060	108.144
315.412224	108.126
317.697831	108.110
320.000000	108.098
322.318852	108.085
324.654507	108.070
327.007088	108.054
329.376716	108.041
331.763515	108.029
334.167610	108.015
336.589127	107.995
339.028190	107.973
341.484928	107.950
343.959469	107.924
346.451941	107.898
348.962474	107.873
351.491200	107.850
354.038251	107.827
356.603758	107.806
359.187855	107.787
361.790679	107.768
364.412363	107.750
367.053045	107.733
369.712863	107.718
372.391955	107.703
375.090460	107.686
377.808521	107.670
380.546277	107.658
383.303872	107.645
386.081450	107.630
388.879155	107.614
391.697134	107.600
394.535533	107.589
397.394500	107.575
400.274184	107.559
403.174736	107.545
406.096306	107.536
409.039048	107.533
412.003113	107.531
414.988657	107.530
417.995836	107.526
421.024807	107.517
424.075726	107.502
427.148753	107.485
430.244049	107.470
433.361775	107.455
436.502093	107.438
439.665167	107.421
442.851162	107.406
446.060244	107.391
449.292581	107.374
452.548340	107.359
455.827692	107.349
459.130807	107.344
462.457858	107.342
465.809019	107.340
469.184463	107.335
472.584367	107.324
476.008908	107.309
479.458265	107.294
482.932617	107.285
486.432146	107.280
489.957033	107.277
493.507464	107.271
497.083623	107.258
500.685695	107.241
504.313870	107.228
507.968337	107.220
511.649285	107.217
515.356906	107.217
519.091395	107.216
522.852945	107.216
526.641753	107.216
530.458016	107.216
534.301934	107.216
538.173706	107.216
542.073534	107.216
546.001623	107.215
549.958175	107.212
553.943399	107.203
557.957501	107.189
562.000691	107.173
566.073180	107.161
570.175180	107.156
574.306904	107.154
578.468569	107.153
582.660390	107.153
586.882588	107.153
591.135381	107.153
595.418991	107.153
599.733643	107.153
604.079560	107.153
608.456970	107.153
612.866100	107.153
617.307180	107.153
621.780442	107.153
626.286120	107.153
630.824447	107.153
635.395661	107.153
640.000000	107.153
644.637704	107.153
649.309014	107.153
654.014175	107.153
658.753431	107.153
663.527030	107.153
668.335221	107.153
673.178253	107.154
678.056380	107.157
682.969856	107.165
687.918938	107.179
692.903882	107.196
697.924949	107.212
702.982401	107.226
708.076501	107.242
713.207515	107.259
718.375711	107.271
723.581357	107.277
728.824726	107.279
734.106091	107.278
739.425726	107.274
744.783910	107.265
750.180921	107.250
755.617041	107.234
761.092554	107.221
766.607744	107.210
772.162900	107.196
777.758310	107.180
783.394268	107.166
789.071066	107.158
794.789000	107.154
800.548368	107.154
806.349472	107.153
812.192613	107.153
818.078095	107.153
824.006226	107.154
829.977315	107.155
835.991673	107.160
842.049613	107.170
848.151452	107.187
854.297507	107.208
860.488099	107.230
866.723550	107.252
873.004186	107.274
879.330334	107.297
885.702324	107.320
892.120489	107.343
898.585161	107.367
905.096680	107.392
911.655384	107.418
918.261614	107.443
924.915716	107.467
931.618037	107.492
938.368925	107.518
945.168733	107.547
952.017816	107.579
958.916529	107.614
965.865234	107.649
972.864291	107.684
979.914067	107.716
987.014928	107.748
994.167245	107.781
1001.371391	107.817
1008.627741	107.854
1015.936673	107.893
1023.298569	107.935
1030.713812	107.978
1038.182790	108.021
1045.705890	108.062
1053.283506	108.099
1060.916032	108.137
1068.603867	108.175
1076.347412	108.215
1084.147069	108.257
1092.003245	108.300
1099.916351	108.342
1107.886798	108.383
1115.915003	108.424
1124.001383	108.467
1132.146360	108.511
1140.350359	108.556
1148.613808	108.601
1156.937137	108.647
1165.320781	108.691
1173.765175	108.733
1182.270762	108.772
1190.837983	108.806
1199.467286	108.839
1208.159120	108.872
1216.913939	108.903
1225.732199	108.933
1234.614360	108.962
1243.560885	108.992
1252.572239	109.024
1261.648894	109.059
1270.791322	109.095
1280.000000	109.129
1289.275408	109.162
1298.618029	109.194
1308.028350	109.226
1317.506863	109.259
1327.054061	109.291
1336.670442	109.322
1346.356507	109.355
1356.112761	109.387
1365.939713	109.418
1375.837875	109.447
1385.807763	109.475
1395.849898	109.503
1405.964802	109.531
1416.153002	109.559
1426.415031	109.587
1436.751422	109.615
1447.162715	109.641
1457.649452	109.665
1468.212181	109.689
1478.851452	109.714
1489.567819	109.741
1500.361842	109.768
1511.234082	109.797
1522.185107	109.825
1533.215488	109.853
1544.325799	109.881
1555.516621	109.909
1566.788535	109.937
1578.142131	109.967
1589.577999	109.998
1601.096737	110.034
1612.698944	110.075
1624.385225	110.118
1636.156190	110.162
1648.012452	110.207
1659.954630	110.251
1671.983345	110.296
1684.099226	110.341
1696.302903	110.383
1708.595013	110.422
1720.976197	110.461
1733.447100	110.501
1746.008372	110.542
1758.660669	110.585
1771.404649	110.628
1784.240977	110.671
1797.170323	110.719
1810.193360	110.775
1823.310767	110.840
1836.523229	110.909
1849.831433	110.978
1863.236074	111.047
1876.737851	111.114
1890.337467	111.179
1904.035631	111.242
1917.833058	111.302
1931.730467	111.364
1945.728583	111.427
1959.828134	111.492
1974.029857	111.557
1988.334491	111.622
2002.742782	111.692
2017.255482	111.769
2031.873347	111.853
2046.597138	111.941
2061.427625	112.031
2076.365579	112.121
2091.411780	112.210
2106.567012	112.297
2121.832065	112.383
2137.207735	112.470
2152.694823	112.559
2168.294137	112.649
2184.006490	112.738
2199.832702	112.827
2215.773596	112.917
2231.830005	113.006
2248.002765	113.097
2264.292720	113.188
2280.700718	113.282
2297.227616	113.378
2313.874274	113.475
2330.641561	113.570
2347.530351	113.661
2364.541523	113.750
2381.675966	113.836
2398.934572	113.917
2416.318240	113.998
2433.827878	114.078
2451.464399	114.158
2469.228720	114.235
2487.121769	114.308
2505.144479	114.377
2523.297789	114.441
2541.582644	114.501
2560.000000	114.559
2578.550815	114.615
2597.236057	114.668
2616.056701	114.715
2635.013726	114.750
2654.108121	114.770
2673.340883	114.778
2692.713013	114.779
2712.225522	114.779
2731.879426	114.778
2751.675750	114.774
2771.615527	114.763
2791.699796	114.739
2811.929603	114.700
2832.306004	114.651
2852.830061	114.595
2873.502844	114.534
2894.325430	114.471
2915.298905	114.407
2936.424363	114.344
2957.702904	114.282
2979.135638	114.215
3000.723683	114.136
3022.468164	114.047
3044.370214	113.951
3066.430976	113.855
3088.651599	113.759
3111.033242	113.658
3133.577071	113.551
3156.284262	113.440
3179.155999	113.328
3202.193474	113.216
3225.397888	113.103
3248.770450	112.991
3272.312380	112.878
3296.024905	112.766
3319.909260	112.653
3343.966691	112.541
3368.198452	112.430
3392.605806	112.323
3417.190027	112.221
3441.952394	112.124
3466.894200	112.027
3492.016745	111.928
3517.321337	111.829
3542.809298	111.737
3568.481954	111.655
3594.340646	111.583
3620.386720	111.516
3646.621534	111.452
3673.046457	111.388
3699.662866	111.325
3726.472148	111.266
3753.475701	111.214
3780.674934	111.166
3808.071263	111.121
3835.666117	111.077
3863.460935	111.035
3891.457165	110.995
3919.656268	110.953
3948.059713	110.911
3976.668981	110.872
4005.485564	110.839
4034.510963	110.812
4063.746693	110.787
4093.194277	110.764
4122.855250	110.741
4152.731158	110.718
4182.823560	110.690
4213.134024	110.648
4243.664130	110.578
4274.415470	110.473
4305.389646	110.342
4336.588274	110.198
4368.012981	110.049
4399.665403	109.899
4431.547192	109.746
4463.660010	109.586
4496.005531	109.415
4528.585440	109.231
4561.401437	109.038
4594.455232	108.839
4627.748549	108.641
4661.283122	108.451
4695.060701	108.288
4729.083046	108.174
4763.351932	108.123
4797.869143	108.128
4832.636481	108.163
4867.655757	108.208
4902.928797	108.255
4938.457440	108.303
4974.243539	108.351
5010.288958	108.396
5046.595577	108.435
5083.165289	108.468
5120.000000	108.500
5157.101631	108.532
5194.472115	108.559
5232.113401	108.573
5270.027452	108.559
5308.216243	108.510
5346.681766	108.426
5385.426026	108.316
5424.451043	108.192
5463.758851	108.065
5503.351500	107.941
5543.231054	107.824
5583.399591	107.712
5623.859206	107.607
5664.612008	107.509
5705.660122	107.412
5747.005687	107.313
5788.650860	107.210
5830.597810	107.107
5872.848725	107.012
5915.405808	106.929
5958.271277	106.862
6001.447367	106.820
6044.936328	106.807
6088.740429	106.816
6132.861952	106.839
6177.303198	106.870
6222.066483	106.912
6267.154142	106.978
6312.568524	107.080
6358.311998	107.214
6404.386948	107.369
6450.795775	107.531
6497.540901	107.692
6544.624761	107.853
6592.049809	108.017
6639.818520	108.186
6687.933382	108.361
6736.396904	108.542
6785.211613	108.724
6834.380053	108.907
6883.904789	109.088
6933.788400	109.268
6984.033489	109.440
7034.642675	109.592
7085.618596	109.704
7136.963909	109.775
7188.681291	109.816
7240.773439	109.847
7293.243069	109.873
7346.092914	109.895
7399.325732	109.905
7452.944296	109.896
7506.951403	109.861
7561.349867	109.802
7616.142525	109.725
7671.332234	109.638
7726.921869	109.549
7782.914330	109.459
7839.312536	109.370
7896.119426	109.285
7953.337962	109.207
8010.971128	109.142
8069.021927	109.089
8127.493386	109.046
8186.388553	109.008
8245.710500	108.971
8305.462317	108.935
8365.647121	108.906
8426.268048	108.893
8487.328260	108.906
8548.830939	108.949
8610.779292	109.016
8673.176549	109.099
8736.025961	109.188
8799.330806	109.279
8863.094385	109.376
8927.320020	109.487
8992.011061	109.625
9057.170880	109.799
9122.802874	110.002
9188.910464	110.220
9255.497097	110.445
9322.566244	110.677
9390.121402	110.922
9458.166093	111.189
9526.703863	111.483
9595.738287	111.799
9665.272962	112.129
9735.311514	112.467
9805.857594	112.813
9876.914881	113.176
9948.487077	113.564
10020.577916	113.982
10093.191154	114.427
10166.330578	114.889
10240.000000	115.358
10314.203261	115.825
10388.944230	116.278
10464.226802	116.690
10540.054903	117.026
10616.432486	117.265
10693.363532	117.415
10770.852052	117.510
10848.902086	117.580
10927.517703	117.641
11006.703001	117.686
11086.462108	117.689
11166.799182	117.618
11247.718413	117.457
11329.224017	117.225
11411.320244	116.953
11494.011375	116.665
11577.301719	116.376
11661.195620	116.097
11745.697450	115.839
11830.811616	115.611
11916.542554	115.407
12002.894734	115.219
12089.872657	115.039
12177.480858	114.860
12265.723904	114.671
12354.606395	114.461
12444.132966	114.215
12534.308283	113.925
12625.137048	113.595
12716.623996	113.239
12808.773895	112.867
12901.591551	112.482
12995.081802	112.069
13089.249521	111.604
13184.099619	111.065
13279.637040	110.451
13375.866764	109.786
13472.793808	109.099
13570.423226	108.404
13668.760107	107.710
13767.809577	107.019
13867.576801	106.340
13968.066979	105.679
14069.285350	105.036
14171.237191	104.409
14273.927818	103.790
14377.362583	103.176
14481.546879	102.562
14586.486137	101.948
14692.185828	101.338
14798.651463	100.749
14905.888592	100.207
15013.902806	99.733
15122.699734	99.325
15232.285051	98.961
15342.664467	98.616
15453.843739	98.277
15565.828661	97.939
15678.625072	97.605
15792.238852	97.296
15906.675925	97.053
